64
49
40
25
7
-1
4
13
11
-3
-6
13
33
44
66
74
61
41
16
-10
-14
-2
7
13
33
54
61
65
67
62
53
37
28
42
64
66
70
76
59
29
8
-1
-4
-4
6
36
64
59
38
29
42
57
52
26
5
4
12
32
60
83
74
42
4
-2
41
81
73
42
16
8
11
11
6
5
19
40
65
84
83
64
49
65
87
64
13
-8
-3
5
12
12
2
-11
-7
11
35
53
73
87
98
99
105
123
130
103
73
70
64
39
17
8
17
32
43
55
80
100
97
68
54
68
68
49
43
53
54
49
53
56
43
21
9
19
28
27
35
59
90
98
61
19
7
11
27
38
26
17
21
43
68
80
71
70
75
70
59
56
55
58
53
27
6
7
19
33
51
57
65
69
59
43
37
41
53
69
87
74
36
35
73
89
67
39
38
53
59
61
60
57
55
43
9
-11
-8
-13
-38
-14
4
-9
-3
-5
-39
-99
-84
65
157
139
147
150
36
-53
99
272
147
-85
-158
-75
20
123
243
204
33
-11
162
311
234
201
326
378
291
213
315
411
387
354
347
348
349
357
374
361
292
301
406
408
393
418
364
323
417
536
504
423
363
376
507
531
403
314
406
475
404
265
292
436
400
363
376
265
150
87
97
241
387
309
106
23
-43
-129
-164
-91
-162
-439
-553
-385
-226
-251
-408
-481
-402
-396
-553
-513
-330
-308
-350
-394
-557
-654
-539
-424
-389
-476
-625
-597
-419
-359
-404
-466
-466
-386
-275
-295
-249
-94
-53
-89
-75
-42
-34
1
56
90
85
162
298
273
167
150
309
403
266
167
205
276
285
300
416
423
359
317
275
309
363
314
279
268
251
321
397
402
314
311
384
341
272
310
378
387
355
425
483
378
338
452
535
505
457
465
509
552
597
635
673
693
673
640
641
660
657
663
720
776
788
770
779
813
854
893
913
906
880
848
818
789
760
732
707
682
661
635
615
594
572
554
536
518
501
485
467
452
436
422
408
394
380
370
358
345
333
324
313
305
294
285
276
267
260
251
245
235
230
224
215
210
203
198
193
186
181
177
171
166
162
157
153
150
146
140
137
133
131
129
123
120
117
115
113
108
105
103
101
100
97
93
91
89
87
85
84
82
77
75
73
70
68
66
64
61
58
57
54
51
48
45
48
48
43
41
41
36
32
25
23
22
21
23
24
22
17
10
9
8
3
-1
-5
-4
-7
-12
-17
-14
-11
-10
-19
-29
-36
-29
-18
-14
-25
-39
-46
-52
-52
-53
-54
-54
-49
-40
-41
-43
-38
-26
-27
-42
-52
-55
-66
-82
-90
-92
-91
-92
-91
-81
-65
-53
-54
-70
-82
-77
-73
-67
-62
-73
-87
-90
-84
-76
-83
-91
-93
-92
-87
-72
-48
-37
-55
-85
-97
-87
-75
-90
-118
-123
-109
-89
-65
-58
-76
-105
-123
-117
-101
-89
-76
-71
-83
-101
-106
-103
-93
-92
-107
-134
-156
-151
-114
-81
-90
-141
-182
-181
-171
-166
-155
-136
-115
-105
-108
-108
-107
-101
-107
-109
-113
-129
-140
-115
-86
-92
-123
-133
-134
-136
-132
-135
-137
-123
-130
-147
-151
-149
-145
-145
-139
-124
-113
-97
-89
-104
-123
-131
-125
-123
-109
-76
-51
-51
-85
-108
-107
-106
-113
-123
-121
-88
-60
-58
-69
-61
-49
-45
-49
-44
-53
-87
-131
-140
-120
-101
-73
-41
-53
-102
-145
-161
-181
-205
-229
-228
-174
-103
-78
-104
-141
-165
-166
-166
-181
-181
-151
-108
-89
-83
-84
-106
-152
-195
-214
-201
-148
-73
-33
-35
-58
-83
-102
-103
-90
-102
-135
-146
-116
-72
-58
-70
-73
-56
-50
-57
-69
-78
-89
-82
-69
-76
-73
-49
-39
-72
-121
-151
-147
-125
-105
-92
-84
-88
-91
-72
-36
-25
-59
-75
-50
-21
-21
-46
-84
-94
-73
-65
-77
-108
-122
-101
-71
-61
-73
-83
-76
-54
-26
7
19
-8
-44
-60
-59
-54
-40
-8
37
77
107
113
82
25
-8
-27
-38
-51
-42
-11
23
59
83
74
51
32
12
11
27
35
10
-30
-51
-25
11
34
34
27
22
19
16
22
27
22
1
-19
-13
-8
-24
-57
-61
-26
4
7
-13
-27
-24
-39
-60
-53
-37
-43
-67
-77
-62
-25
1
-3
-22
-40
-59
-70
-81
-92
-81
-54
-41
-22
7
19
3
-24
-36
-35
-37
-45
-54
-42
-24
-10
-3
1
-14
-56
-84
-89
-82
-68
-56
-56
-68
-57
-40
-26
-23
-49
-84
-118
-150
-162
-122
-61
-33
-55
-97
-74
-12
11
16
28
43
55
55
53
45
36
19
-5
-49
-97
-116
-113
-104
-92
-76
-61
-46
-38
-41
-46
-44
-46
-53
-65
-65
-49
-56
-65
-43
-33
-41
-28
-3
6
9
18
18
-1
-27
-37
-37
-41
-50
-81
-109
-86
-27
3
0
-19
-19
9
36
38
39
49
37
7
-23
-67
-81
-41
-3
10
8
20
43
57
55
45
21
-24
-53
-38
-7
4
-3
-19
-11
21
39
13
-14
-21
-13
-5
0
9
26
21
-1
-24
-28
-22
-26
-34
-28
-24
-24
-29
-49
-73
-84
-69
-38
-13
-7
-17
-18
9
40
25
-27
-49
-19
4
1
-10
-11
2
20
32
27
12
-4
-20
-29
-27
-28
-27
-33
-33
-21
-10
-13
-13
-2
-8
-29
-38
-24
0
21
21
7
-3
-5
-4
3
12
20
23
23
27
41
74
90
53
1
-19
-2
24
33
24
20
37
74
101
80
37
16
8
-6
-34
-60
-65
-50
-33
-17
5
22
21
3
-19
-24
-7
10
19
3
-38
-71
-70
-41
-14
-17
-23
-6
5
3
9
20
20
9
-5
-8
0
6
9
17
25
22
12
10
1
-26
-53
-51
-13
18
16
-11
-38
-28
2
35
44
18
-17
-13
6
19
16
-7
-24
-17
-3
9
39
57
39
18
17
26
33
24
14
22
43
41
6
-27
-44
-76
-130
-166
-141
-68
6
54
73
87
102
109
98
75
56
42
37
26
21
21
22
19
-2
-25
-25
-10
-7
-26
-42
-35
-22
-35
-55
-57
-34
6
33
27
6
-3
9
29
25
2
-19
-33
-26
4
25
32
29
25
23
21
11
-2
-9
-4
7
23
36
40
27
18
22
26
24
13
5
8
29
56
67
56
26
-18
-52
-51
-28
-4
12
10
3
7
11
8
5
0
-21
-33
-25
-10
17
42
68
77
55
24
-10
-59
-91
-75
-39
-7
18
26
37
57
82
91
86
61
39
28
42
55
49
35
42
58
58
35
6
-5
21
70
85
55
35
33
42
53
50
25
0
-2
22
45
51
37
7
-3
8
7
-20
-38
-35
-21
-9
-9
-7
12
41
57
65
67
71
81
89
89
83
76
73
67
59
50
26
18
33
68
109
119
107
91
69
38
21
24
26
19
1
-5
-2
-6
-2
25
42
39
20
11
32
59
77
71
28
-11
-17
23
67
77
60
49
39
34
35
38
49
49
24
-3
-12
9
45
65
74
65
26
-4
0
1
-26
-61
-73
-43
10
54
61
55
59
81
89
73
52
40
37
29
29
64
99
87
39
-1
3
27
52
59
53
58
74
90
81
51
27
21
11
-5
-13
9
49
77
91
88
80
68
45
28
17
8
9
1
-9
-7
5
17
21
24
36
43
51
59
72
75
60
41
27
13
-5
-27
-21
24
69
85
84
88
101
91
65
25
16
39
39
23
25
42
59
73
89
101
92
73
65
67
75
91
99
80
59
51
48
33
-2
-35
-35
-11
3
22
35
39
48
57
71
60
27
11
32
60
85
81
45
-4
-41
-44
-11
34
70
84
77
80
86
70
49
25
4
-21
-39
-27
11
53
65
51
29
9
-3
-10
-3
19
39
45
44
43
53
56
44
35
22
16
21
35
43
48
33
9
5
28
56
56
23
7
40
85
98
74
52
43
43
44
54
68
69
64
66
75
82
76
70
67
59
44
32
29
40
49
35
3
-13
-8
4
17
33
44
44
35
41
55
37
-1
-18
-3
12
18
20
27
48
49
24
8
13
26
33
39
40
39
39
42
49
55
50
22
5
17
49
65
59
49
50
67
71
52
16
-3
21
68
89
85
76
80
71
52
35
38
49
55
67
69
57
57
65
67
51
26
20
34
51
58
59
65
82
93
85
66
44
37
43
52
51
41
51
71
74
60
39
22
11
4
6
18
25
8
-11
-12
-7
-2
23
53
64
61
53
41
44
59
67
43
16
0
13
51
76
73
41
24
37
43
43
55
66
58
52
49
39
24
20
32
56
87
102
74
50
54
59
49
21
-4
-10
0
27
59
64
38
17
12
11
13
19
32
51
67
49
19
5
19
41
48
29
18
22
35
42
53
65
70
72
65
44
35
49
66
56
33
14
8
11
26
43
57
67
61
39
20
27
41
49
54
65
70
71
64
53
52
50
27
3
5
38
75
89
80
69
61
53
38
36
54
81
74
36
16
32
51
55
42
28
18
16
33
52
43
19
6
17
42
72
88
86
67
52
57
58
44
22
12
37
59
43
21
25
42
58
73
65
34
13
22
53
86
84
51
24
24
37
44
40
35
41
57
69
69
58
41
27
27
38
40
35
35
45
51
49
53
52
35
28
40
56
67
55
35
21
18
18
23
41
70
86
81
65
54
61
65
49
20
-2
0
20
38
43
28
9
6
13
34
50
54
54
51
42
41
48
52
32
4
7
42
71
74
66
61
70
69
52
29
25
37
45
43
32
29
41
54
68
80
75
72
60
49
39
40
58
67
69
80
87
85
83
73
43
19
13
32
55
58
45
37
34
27
28
32
41
59
67
54
37
24
24
29
32
28
41
60
69
69
71
76
75
67
50
43
51
44
27
34
57
84
99
99
85
72
66
61
57
49
39
25
19
23
26
9
-4
-5
1
29
68
89
93
90
89
90
90
86
74
49
19
9
26
55
64
50
43
41
27
9
16
35
39
26
9
6
36
69
80
73
70
68
67
67
72
75
69
53
34
19
17
20
16
-3
-17
11
58
83
87
76
66
58
52
50
53
56
51
36
29
40
59
69
58
38
19
1
-1
27
68
77
60
52
49
29
6
11
43
70
77
67
55
55
53
49
48
48
42
44
64
77
76
60
52
53
51
50
60
73
72
66
58
49
43
55
65
73
90
87
57
32
25
35
51
51
33
23
37
72
105
107
76
45
42
64
84
83
70
48
25
9
11
39
56
54
54
60
69
73
87
82
66
64
75
87
86
75
67
56
49
39
32
25
32
42
55
70
57
27
12
19
32
41
41
35
35
44
61
66
57
59
71
82
82
59
18
-21
-36
-40
-43
-45
-35
-5
27
53
69
72
77
84
76
49
7
-13
-9
16
38
53
57
53
32
18
25
39
41
53
76
85
75
57
42
44
55
68
68
35
6
19
44
53
36
7
-11
2
35
51
54
61
73
72
59
51
55
67
81
102
115
106
101
112
104
67
36
23
23
21
28
66
101
104
73
52
55
83
107
108
85
45
24
34
71
88
76
54
39
35
39
48
53
53
51
59
81
87
82
83
91
73
42
25
29
40
37
25
22
30
33
43
60
72
71
57
43
36
24
16
8
17
39
48
39
33
37
40
37
35
51
81
108
118
91
71
77
101
99
51
-4
-10
17
49
56
44
33
34
40
38
33
33
42
65
85
85
70
67
80
75
56
41
35
35
23
-1
-6
7
-4
-52
-55
-1
29
36
19
-29
-85
-85
-25
88
216
240
182
107
71
53
107
120
-6
-183
-189
-6
177
186
88
55
69
87
185
358
491
408
306
364
406
404
395
348
257
251
378
515
624
564
407
422
513
512
370
262
285
487
608
576
432
371
470
583
592
476
457
456
389
460
586
483
293
200
212
201
123
20
-68
-65
-104
-173
-342
-578
-900
-1191
-1278
-1203
-1242
-1426
-1493
-1445
-1337
-1193
-1145
-1217
-1246
-1113
-1044
-1038
-958
-948
-1020
-987
-910
-969
-1002
-942
-868
-771
-724
-802
-876
-922
-878
-776
-709
-724
-770
-737
-646
-537
-455
-433
-365
-331
-394
-366
-285
-232
-185
-173
-194
-173
-114
-29
50
109
135
134
136
147
166
212
299
395
442
435
428
475
579
712
867
1037
1243
1483
1632
1701
1978
2047
2047
2047
2047
2047
2047
2047
2047
2047
2026
1953
1877
1804
1736
1669
1601
1530
1464
1410
1356
1307
1264
1217
1163
1111
1053
988
933
905
887
861
828
797
759
699
637
595
565
536
503
460
421
387
361
342
324
306
283
267
258
252
247
229
204
187
172
157
147
120
83
57
54
49
27
9
5
3
-9
-23
-36
-54
-77
-102
-114
-116
-120
-133
-135
-118
-91
-91
-117
-136
-158
-202
-258
-298
-311
-306
-309
-308
-306
-306
-295
-276
-253
-242
-225
-202
-211
-234
-255
-269
-277
-263
-225
-184
-169
-165
-162
-169
-188
-194
-180
-177
-198
-221
-225
-194
-149
-140
-178
-215
-231
-229
-222
-225
-217
-204
-194
-184
-161
-146
-173
-218
-243
-235
-217
-200
-193
-193
-196
-186
-157
-138
-153
-172
-183
-181
-179
-183
-201
-212
-189
-150
-132
-151
-173
-182
-177
-161
-139
-135
-154
-172
-170
-151
-134
-117
-110
-132
-167
-193
-189
-173
-161
-145
-149
-178
-183
-155
-131
-131
-157
-173
-164
-140
-117
-104
-102
-99
-93
-86
-84
-103
-134
-153
-137
-85
-58
-82
-107
-99
-61
-44
-74
-130
-161
-152
-106
-49
-28
-58
-103
-125
-125
-119
-109
-107
-105
-97
-83
-60
-13
18
9
-22
-65
-77
-49
-9
3
1
-1
-11
-36
-57
-39
-10
-7
-37
-59
-61
-42
-9
2
-9
-33
-45
-39
-24
-10
-13
-39
-61
-54
-29
-12
-10
-11
7
27
42
34
4
-26
-27
-21
-35
-56
-73
-68
-44
-29
-25
-8
13
10
-5
-14
-21
-12
-13
-35
-54
-49
-18
-2
0
3
12
17
2
-11
1
28
35
20
7
-3
-6
4
21
48
70
68
53
53
59
52
28
10
16
17
5
5
24
41
38
39
40
11
-22
-29
-6
28
58
69
57
41
43
66
80
67
49
49
55
57
65
87
113
113
100
100
104
124
154
160
136
105
75
73
99
121
114
92
86
92
108
120
115
85
51
29
40
70
70
23
-24
-33
-21
-17
-20
-17
-3
1
2
10
19
23
21
10
4
5
11
11
3
-3
0
1
-7
7
57
96
76
27
-9
-33
-68
-107
-107
-72
-37
-18
-2
18
20
-4
-29
-54
-83
-118
-135
-107
-46
4
21
28
51
71
74
67
40
-1
-41
-57
-41
-9
7
24
53
70
59
29
-3
-25
-43
-49
-36
-21
-12
-3
29
73
83
49
1
-27
-34
-29
-19
-10
-22
-40
-56
-61
-59
-42
-30
-42
-52
-28
9
37
30
8
3
3
-7
-14
-19
-20
-5
9
7
-7
-7
-5
-8
-10
-9
-5
-2
-1
-6
-17
-7
25
54
53
45
51
51
39
41
48
43
34
19
1
-3
9
37
39
9
-6
17
41
38
25
33
53
74
86
86
82
74
81
87
87
86
81
83
83
74
68
60
55
41
34
27
23
20
25
32
23
17
33
59
76
74
59
44
42
42
24
1
-8
1
19
36
41
42
35
27
19
13
5
-20
-23
4
27
32
33
44
59
54
43
45
52
66
98
123
122
99
66
36
22
24
18
-3
-24
-17
21
45
35
9
-2
-7
-13
-25
-34
-27
-5
26
51
40
2
-27
-27
-21
-38
-60
-55
-19
23
51
55
65
76
69
42
25
23
24
23
20
21
23
12
4
8
24
42
54
50
37
28
26
34
43
42
18
-5
-3
13
25
24
11
-4
-12
-7
5
13
18
21
25
25
32
28
28
18
-4
-19
-17
-2
6
11
18
23
38
64
72
54
33
37
59
85
105
108
87
55
38
24
4
1
8
9
9
32
58
76
76
77
83
81
61
29
9
23
52
57
50
39
32
28
24
23
33
53
59
44
21
24
37
43
57
66
74
92
117
121
105
76
43
7
-11
7
26
27
41
65
83
89
87
81
76
66
50
55
69
69
60
40
26
26
17
19
28
29
17
11
24
37
49
54
51
44
36
25
23
28
33
22
9
2
-2
0
3
16
29
36
29
29
49
71
74
65
53
40
32
49
66
55
40
41
42
32
21
12
5
-2
-4
0
12
32
45
54
60
66
53
28
17
20
21
12
16
25
33
26
25
12
2
8
29
55
68
73
72
73
81
87
80
52
22
9
2
-1
13
45
80
83
58
29
9
-1
-10
-13
-14
-19
-8
6
35
81
98
83
76
76
70
50
26
17
20
44
64
53
35
34
51
80
85
64
42
45
69
105
117
81
29
13
39
72
87
87
69
49
49
71
100
116
104
81
45
23
26
38
45
44
43
42
40
49
56
56
51
35
33
42
43
48
58
58
48
35
24
20
23
35
53
82
96
83
64
64
74
87
85
69
50
41
26
3
-19
-29
-28
-19
-1
9
9
4
16
50
76
87
98
114
117
84
27
-3
-3
8
11
9
25
58
80
68
48
34
23
7
-9
-3
24
60
86
100
92
85
87
86
70
28
-11
-30
-5
33
60
59
40
29
34
52
71
69
43
37
57
87
98
67
34
36
51
39
5
-19
-18
0
34
67
76
77
85
87
81
66
56
65
69
58
49
48
43
41
49
52
48
43
43
42
42
55
92
122
105
45
-3
-11
8
45
75
65
20
6
41
76
73
35
5
6
39
74
90
91
87
75
57
53
59
71
82
89
81
69
69
57
51
53
36
11
5
24
56
70
59
38
25
26
37
53
75
101
102
82
72
80
68
41
24
1
-19
-19
0
32
51
49
39
53
59
51
50
56
53
45
57
81
89
83
73
53
28
18
21
33
49
66
72
65
58
66
77
70
58
51
57
61
43
27
35
45
38
18
-1
4
27
40
32
18
16
35
50
50
43
49
67
81
83
67
43
36
42
51
51
52
43
38
52
76
87
56
6
-19
-3
25
38
34
28
39
55
64
57
59
61
42
11
-6
-2
19
33
36
40
56
75
87
88
76
56
45
44
45
44
40
20
-13
-23
-11
1
23
39
39
39
44
60
69
54
29
10
3
11
37
54
53
44
33
27
43
54
25
-4
10
58
88
80
60
59
68
70
66
54
37
25
24
27
39
57
64
65
74
81
69
53
41
48
59
64
55
57
75
83
73
57
41
28
25
36
43
38
23
13
12
11
3
2
19
39
59
89
129
155
153
133
117
118
133
134
120
118
113
84
52
34
27
24
23
32
51
56
71
116
146
140
109
75
56
39
13
5
19
36
38
34
42
58
67
57
41
37
37
39
51
59
67
73
68
64
51
28
5
-12
-12
1
11
33
69
99
92
54
25
27
33
16
-1
-3
8
36
60
69
60
60
61
44
33
28
39
52
50
27
19
37
58
57
32
12
28
50
56
61
76
90
69
25
11
24
18
-14
-43
-35
-2
28
49
50
36
17
1
0
11
25
33
52
60
42
26
43
81
118
152
153
121
71
22
4
21
33
9
-18
-21
-1
28
42
27
4
5
20
41
72
103
117
108
88
64
48
42
45
49
51
51
36
3
-10
-7
-3
5
4
8
41
65
57
37
19
8
7
21
37
54
66
65
82
114
118
106
100
90
72
56
58
65
51
21
20
67
92
59
11
-3
10
39
53
43
27
20
17
23
45
64
69
57
38
25
38
51
42
23
20
45
73
64
37
49
81
84
59
44
48
64
85
87
69
66
88
115
109
73
27
16
34
51
55
64
74
68
51
38
29
34
49
55
55
41
25
5
3
24
42
49
43
41
49
59
73
76
60
41
34
27
28
29
38
66
90
86
64
40
37
52
69
81
97
109
99
73
53
39
37
44
48
28
7
6
11
34
64
80
67
28
9
3
2
9
29
52
68
75
87
103
106
93
96
99
82
65
58
53
45
51
55
44
28
20
25
34
39
54
64
59
56
55
55
48
44
70
99
93
75
83
99
92
72
54
43
36
26
23
19
25
36
37
23
4
-5
3
21
43
66
85
101
97
71
49
32
20
16
10
16
19
23
37
55
56
38
21
23
33
33
45
73
97
96
69
36
23
26
16
1
5
26
40
38
29
32
45
61
65
58
69
101
119
88
52
53
71
68
35
7
8
19
23
22
24
23
22
18
32
45
56
60
44
21
12
26
39
42
35
23
25
32
28
29
51
72
71
58
57
65
69
60
54
48
32
17
12
21
41
64
71
55
44
52
45
19
-2
-6
-9
-11
-2
10
25
32
27
22
21
33
60
81
82
56
25
33
57
58
44
34
32
42
52
51
43
37
34
38
50
51
32
34
65
80
66
45
51
66
65
45
37
35
34
27
13
3
-2
3
12
20
12
10
33
64
71
53
24
19
41
56
44
38
43
43
41
45
50
53
67
83
89
87
73
69
77
87
83
71
66
56
58
73
84
85
73
53
52
71
77
61
43
41
52
58
61
70
80
93
97
89
82
65
50
37
22
5
-12
-20
-15
-19
-30
-33
-13
12
29
42
55
54
52
54
53
54
53
57
81
97
89
70
55
65
83
89
85
76
65
40
23
33
51
66
80
83
89
119
145
124
67
13
-3
1
5
-1
-1
11
35
45
38
16
-5
-19
-18
10
48
42
16
6
9
10
11
17
19
18
20
25
35
35
28
28
29
25
27
43
65
73
70
60
51
43
53
57
39
34
25
5
-85
-125
25
189
217
101
-51
-43
161
268
199
150
69
-109
-196
-51
114
153
162
100
0
57
234
269
278
407
364
211
145
229
392
452
348
235
201
278
516
610
453
331
412
490
470
434
465
480
448
428
420
521
552
465
285
341
524
564
598
589
573
469
307
339
459
513
424
251
173
194
197
64
-29
-13
-41
-121
-346
-637
-822
-882
-1058
-1285
-1431
-1427
-1374
-1261
-1185
-1208
-1282
-1362
-1442
-1482
-1462
-1451
-1462
-1428
-1388
-1434
-1410
-1276
-1229
-1191
-1173
-1170
-1077
-999
-958
-915
-914
-914
-876
-796
-729
-677
-652
-616
-538
-443
-371
-341
-312
-259
-184
-145
-169
-183
-149
-83
10
160
357
549
695
755
730
823
1097
1467
1651
1621
1779
2047
2047
2047
2047
2047
2047
2047
2047
2047
2047
2013
1940
1866
1802
1746
1687
1625
1563
1506
1450
1398
1349
1300
1252
1205
1163
1123
1078
1032
987
949
919
897
874
845
807
762
723
695
676
651
619
589
568
551
534
518
503
485
464
439
417
395
385
375
364
357
342
320
295
275
260
248
237
227
212
203
200
196
183
167
153
147
144
136
131
128
118
105
96
90
89
85
80
72
68
61
57
53
55
55
49
39
34
40
48
35
5
-12
-19
-17
-11
-11
-11
-9
-10
-13
-21
-25
-30
-34
-33
-39
-51
-55
-51
-45
-43
-50
-59
-65
-55
-43
-36
-43
-45
-42
-44
-59
-74
-81
-75
-82
-98
-104
-93
-83
-78
-85
-91
-81
-68
-74
-101
-120
-123
-119
-103
-87
-91
-103
-103
-101
-98
-89
-83
-81
-84
-87
-86
-89
-106
-123
-116
-108
-124
-138
-126
-109
-110
-132
-155
-169
-171
-151
-103
-67
-70
-94
-117
-133
-158
-189
-210
-213
-195
-157
-137
-140
-152
-151
-135
-125
-121
-117
-122
-136
-145
-139
-117
-106
-125
-151
-123
-52
-11
-35
-104
-168
-169
-120
-53
37
84
57
-36
-157
-235
-264
-271
-274
-251
-189
-118
-60
-11
-19
-88
-183
-259
-289
-266
-213
-163
-119
-69
-17
17
9
-33
-85
-93
-68
-43
-45
-71
-97
-120
-152
-169
-147
-83
-28
-13
-41
-75
-84
-76
-68
-58
-56
-53
-53
-41
-33
-44
-75
-91
-91
-100
-108
-107
-97
-86
-85
-90
-97
-83
-43
-3
-11
-53
-90
-115
-132
-137
-126
-103
-85
-78
-72
-58
-49
-42
-33
-25
-28
-37
-34
-23
-3
22
40
27
-28
-119
-132
-24
91
117
52
17
69
129
128
75
17
-19
-40
-49
-38
-23
-21
-21
-23
-28
-22
-5
-4
-17
-33
-42
-45
-59
-76
-72
-69
-77
-83
-75
-61
-45
-52
-74
-83
-75
-55
-38
-35
-50
-71
-69
-40
-18
-21
-39
-45
-39
-33
-36
-33
-39
-76
-105
-100
-60
-13
3
-5
-11
-1
13
8
-18
-34
-36
-49
-65
-69
-67
-63
-57
-59
-73
-75
-54
-21
-9
-28
-50
-53
-53
-69
-86
-89
-84
-68
-55
-46
-30
-6
13
19
11
5
2
3
7
-7
-40
-43
-3
25
-1
-52
-84
-85
-87
-118
-139
-122
-91
-71
-60
-29
18
44
41
22
17
22
20
13
10
12
4
-14
-36
-57
-72
-61
-41
-35
-49
-58
-51
-28
-1
21
10
-1
12
32
13
-23
-46
-54
-65
-56
-30
-22
-37
-41
-27
-19
-12
-12
-19
-12
1
16
25
27
23
12
2
-4
-6
-3
2
3
5
11
28
51
42
6
-23
-35
-33
-17
1
8
13
23
21
7
12
34
49
32
-7
-23
-10
9
27
26
7
-9
-26
-39
-44
-29
5
36
45
52
64
81
82
54
23
2
-13
-11
0
7
7
0
-9
-22
-36
-35
-18
9
27
32
24
24
37
33
9
-5
0
6
5
5
2
-10
-23
-34
-41
-45
-43
-26
-13
-13
-17
-12
-6
5
17
13
4
-4
-3
4
6
22
57
96
103
85
48
11
-23
-55
-70
-77
-77
-65
-43
-24
-3
16
24
18
11
26
36
11
-4
8
25
11
-2
7
9
-5
-22
-29
-23
-3
0
-24
-37
-27
-23
-19
-12
-11
-23
-21
-12
-27
-38
-25
-7
0
-4
-6
1
6
-10
-39
-33
12
53
58
42
22
18
32
57
81
88
102
107
91
84
103
116
96
68
51
40
26
19
17
18
16
7
10
22
22
12
18
41
58
49
18
-8
-25
-35
-37
-43
-49
-43
-26
-11
-19
-33
-27
-11
-5
-21
-35
-34
-9
24
52
65
59
56
55
42
26
5
-13
-12
6
23
39
59
72
73
70
52
36
41
83
133
133
78
37
33
43
43
28
19
16
18
37
58
58
39
10
-8
-21
-27
-19
1
17
20
16
13
4
-17
-19
-2
10
2
-13
-22
-19
-7
-3
3
20
25
20
28
50
52
35
25
37
51
51
42
38
40
55
76
87
77
66
60
56
51
51
54
59
55
50
56
68
73
75
68
43
16
-7
-11
-1
9
17
6
-23
-40
-26
-3
3
-2
-9
-24
-23
11
53
69
67
56
38
22
25
38
48
43
29
19
16
17
21
25
32
43
59
74
106
130
102
64
44
44
50
28
25
51
59
43
21
5
-6
-19
-35
-36
-12
17
33
37
35
29
24
19
19
21
27
35
44
45
29
23
24
21
13
17
32
43
54
61
69
71
49
1
-33
-29
-9
12
28
43
53
50
33
17
16
23
41
75
90
82
73
86
119
132
109
72
43
39
59
75
73
60
59
52
27
9
14
29
38
37
32
17
-6
-25
-33
-26
-28
-26
-20
-21
-21
1
40
70
60
34
33
48
57
60
60
64
64
54
39
41
74
102
85
40
12
8
18
40
60
61
56
57
68
75
82
75
57
35
20
20
37
54
58
52
49
51
61
67
53
35
21
8
-9
-26
-26
-21
-21
-33
-24
-11
-6
-5
2
1
1
16
28
36
36
43
53
38
5
-14
-7
9
23
35
37
34
36
39
33
26
37
59
71
69
72
72
69
85
117
119
73
22
0
5
19
22
13
13
23
36
35
26
28
35
40
42
40
34
33
34
28
21
22
27
28
32
42
53
51
39
26
11
-5
-17
-19
-13
6
40
60
57
52
66
74
61
23
-8
-4
22
22
5
-1
-4
-4
7
22
27
26
25
27
44
65
59
45
39
41
52
53
43
35
33
27
23
20
22
32
39
39
35
29
40
65
72
55
28
16
20
34
36
27
22
16
20
32
49
57
52
54
64
67
61
55
48
36
33
34
40
53
65
72
77
71
55
49
38
22
20
35
54
67
81
85
83
73
54
25
-7
-17
-1
17
22
25
37
55
53
39
33
33
34
33
27
23
18
12
20
35
52
65
73
61
35
25
43
71
80
65
53
59
75
97
106
98
84
82
82
82
83
67
39
23
33
44
43
34
49
80
85
66
42
21
5
3
-1
3
20
42
56
55
55
51
35
21
34
67
114
153
147
83
24
6
16
27
12
-5
-5
25
73
103
108
96
69
54
52
48
28
33
57
60
26
-13
-24
16
66
87
84
70
52
36
8
-38
-86
-98
-75
-25
39
129
189
166
93
40
34
45
25
-14
-43
-44
-17
26
73
97
99
96
89
81
67
60
54
41
22
16
18
35
44
41
38
55
89
106
83
44
24
26
66
101
102
72
37
16
17
19
18
25
28
28
34
52
73
80
66
40
34
51
55
36
19
22
25
27
38
50
51
43
33
28
36
55
66
62
54
37
20
17
34
52
50
44
48
55
55
50
41
34
21
11
16
38
70
75
59
48
35
34
38
44
59
71
59
39
34
27
26
37
43
43
40
42
51
53
43
33
22
17
29
69
99
106
99
81
64
65
70
67
67
72
81
71
54
45
43
36
25
24
42
54
51
39
20
5
12
28
35
38
60
86
100
99
83
67
53
41
29
21
19
23
26
40
66
80
59
25
7
4
5
2
4
18
35
45
57
72
73
67
50
32
35
45
38
21
13
18
24
37
41
53
73
92
91
77
60
51
42
42
55
68
67
48
19
9
29
44
25
-7
-12
6
20
33
43
50
49
37
11
-5
1
21
38
53
65
69
72
80
75
44
20
24
43
48
37
25
20
17
16
24
37
41
40
42
65
72
52
26
21
29
36
24
7
4
8
32
57
76
73
58
58
75
86
84
80
68
43
16
0
6
29
55
74
73
54
33
37
73
106
91
40
-2
12
76
112
84
27
4
24
43
37
19
16
23
37
42
49
65
70
58
49
41
37
39
38
44
54
43
22
20
37
43
39
42
49
44
45
64
75
69
53
39
54
89
97
70
49
39
52
69
69
54
36
36
49
60
67
59
51
52
56
64
77
101
100
67
29
17
25
27
26
36
52
73
90
80
53
37
34
32
36
32
27
41
65
65
48
49
55
41
4
-11
-2
5
-4
-17
5
48
60
39
17
11
27
43
50
50
51
37
33
57
74
76
90
91
71
69
97
117
107
72
35
11
1
-6
7
38
66
73
70
61
59
43
25
22
29
53
71
69
58
58
68
76
97
98
60
16
-10
-13
-4
-7
-22
-11
19
28
12
-1
-2
4
16
34
45
45
53
88
123
133
117
86
54
28
22
35
51
52
43
38
36
52
75
86
74
54
40
33
36
34
25
28
44
73
97
87
58
36
25
18
18
32
44
50
55
66
75
92
99
77
48
20
13
40
72
76
67
51
35
26
20
9
19
50
72
64
41
24
23
28
21
1
0
24
51
58
60
69
71
68
75
112
150
147
102
55
27
28
28
11
4
20
52
82
99
99
84
65
51
39
22
21
50
96
129
140
124
84
54
52
55
50
37
25
23
40
64
69
70
70
60
41
18
-3
-3
18
36
37
33
58
93
99
75
58
70
89
82
58
41
35
33
38
56
68
66
55
51
57
57
45
39
49
53
42
23
21
57
99
86
32
1
10
39
56
57
49
35
39
52
53
44
37
38
43
42
35
38
54
64
57
56
65
76
76
48
25
29
45
53
33
-3
-6
16
33
39
33
22
26
38
52
67
96
128
124
92
57
44
53
71
84
75
55
37
20
2
-12
-9
-1
-7
-12
8
52
89
93
67
38
25
29
39
44
49
39
22
21
42
86
115
108
86
73
81
96
105
97
67
28
12
25
53
74
74
57
37
27
40
60
76
75
65
56
51
43
25
6
8
23
27
25
37
39
33
28
0
-18
-7
9
-20
-38
-18
-5
75
172
120
27
83
171
75
-87
-61
102
84
21
92
137
20
-53
34
106
166
189
91
160
307
388
422
338
233
230
216
227
282
354
454
432
272
308
412
407
370
231
204
404
502
465
368
261
236
347
475
488
402
328
314
338
377
436
416
327
275
220
203
292
356
296
177
118
229
323
339
326
289
219
218
227
225
211
162
34
0
37
69
123
83
-37
-84
-156
-217
-203
-166
-119
-140
-234
-217
-130
-125
-132
-178
-243
-279
-249
-231
-185
-133
-138
-151
-109
-73
-101
-165
-157
-147
-154
-122
-113
-84
-28
-26
-103
-133
-125
-135
-180
-194
-156
-109
-88
-98
-92
-82
-67
-66
-88
-121
-103
-90
-85
-67
-49
-19
-1
-6
-36
-69
-99
-103
-82
-61
-82
-165
-204
-145
-7
113
179
168
114
75
86
105
55
-39
-76
-23
73
134
99
22
-5
-21
-85
-154
-171
-152
-106
-55
-56
-110
-156
-171
-173
-179
-190
-188
-155
-121
-100
-82
-92
-137
-177
-188
-167
-122
-92
-87
-88
-107
-137
-167
-185
-180
-153
-135
-123
-123
-135
-129
-99
-89
-104
-117
-107
-70
-21
8
20
28
37
35
27
19
11
9
-9
-38
-55
-59
-57
-46
-29
-17
-9
-18
-22
-13
7
27
32
20
10
11
27
38
27
17
26
42
50
54
74
91
83
73
71
64
50
37
21
12
12
10
7
3
10
32
49
60
74
84
76
67
64
66
57
40
27
29
35
40
51
61
82
97
90
76
73
91
115
120
99
54
35
48
56
53
48
51
66
84
85
73
69
75
80
72
57
42
36
33
21
8
2
8
19
24
27
38
52
66
89
116
120
115
123
141
139
113
73
50
38
33
25
28
29
23
23
35
52
66
77
86
81
76
87
91
85
66
50
42
44
66
88
91
81
72
77
77
64
42
28
34
53
72
75
75
77
81
80
75
72
85
104
99
71
53
69
114
151
140
96
58
52
52
43
28
20
17
16
17
29
56
92
113
112
99
91
96
101
100
89
74
58
57
80
105
107
77
45
37
54
75
83
75
67
66
72
84
90
90
84
72
55
35
28
29
27
37
51
58
67
70
64
56
65
77
76
60
51
67
92
107
114
104
87
73
60
59
58
41
21
18
33
55
77
84
69
52
40
28
19
16
22
41
65
86
100
89
74
65
69
83
81
54
25
16
34
52
48
33
38
57
65
64
56
39
26
23
23
20
19
37
69
76
48
19
23
53
81
89
83
70
67
59
57
55
51
52
55
65
80
83
75
77
80
69
51
37
27
27
39
61
69
56
42
41
50
64
75
77
69
50
21
9
25
53
61
52
44
50
61
72
68
48
35
32
36
41
55
80
99
93
84
92
91
57
17
-6
-2
18
50
82
76
43
23
36
52
59
66
68
72
85
100
97
81
71
68
73
69
51
37
39
53
76
103
112
84
40
7
1
5
-10
-33
-27
-4
23
40
45
58
74
77
78
85
98
119
146
156
154
145
136
148
165
156
132
108
88
69
49
38
39
37
38
53
83
101
90
73
65
57
42
23
24
34
39
49
49
50
44
23
4
1
8
23
43
61
57
36
22
34
53
72
74
49
37
83
115
88
41
21
25
33
37
34
21
23
40
53
65
71
71
67
57
41
37
57
64
39
22
32
41
26
-5
-27
-25
-6
-1
-6
2
22
26
11
-1
-8
-12
-17
-24
-26
-10
22
53
52
22
7
23
54
85
87
65
48
50
70
92
91
69
42
25
32
49
59
69
84
83
65
51
54
58
59
64
59
65
74
97
108
101
75
43
12
-3
3
16
27
50
73
89
82
51
22
10
4
0
5
7
24
74
120
120
76
32
13
22
34
25
10
6
7
17
27
44
65
69
45
12
-8
-18
-14
-6
2
18
52
81
81
55
32
22
21
25
36
48
55
59
71
82
83
67
26
-8
-23
-12
9
36
54
69
66
43
19
-6
-35
-57
-59
-36
-9
9
36
58
64
42
8
-12
-21
-19
-11
-3
4
9
21
33
50
72
98
101
67
33
17
7
-8
-21
-2
28
40
28
21
26
33
21
5
-7
-9
-1
24
58
86
91
96
98
85
69
60
54
40
35
38
50
57
56
59
71
81
71
42
19
23
51
71
66
49
42
34
16
-1
-6
-3
-3
-2
8
27
56
76
80
77
87
86
75
69
60
58
56
50
49
59
58
53
52
53
43
20
4
10
34
53
60
59
57
55
45
26
8
1
18
39
66
76
59
39
28
21
21
29
34
28
23
28
44
76
98
89
69
52
50
61
55
35
24
24
18
18
33
58
82
97
91
75
73
89
114
128
130
131
140
146
137
123
92
43
-5
-24
1
45
81
86
76
84
109
132
120
86
56
45
52
71
96
106
102
97
93
84
70
73
96
113
90
49
33
33
22
25
36
44
73
107
104
69
48
51
44
19
-7
-12
13
52
75
82
76
81
81
72
59
45
38
51
54
29
-1
-6
8
23
27
35
41
42
44
44
45
57
73
75
57
34
22
36
56
57
59
88
106
91
65
49
49
45
26
7
7
20
35
50
75
99
108
99
69
51
44
51
45
36
27
29
27
32
48
54
51
43
40
29
25
35
52
54
49
45
53
51
49
65
82
80
54
20
0
16
43
65
57
44
43
59
87
102
98
81
52
33
38
65
80
85
74
59
43
32
23
19
22
16
-1
-5
-2
7
25
45
45
21
4
9
25
28
27
38
50
71
109
129
107
77
67
73
83
77
61
48
49
59
59
51
54
87
104
66
9
-13
-17
-4
20
42
43
28
16
25
55
81
84
61
34
17
19
39
56
53
43
43
54
57
57
67
75
73
58
44
41
45
53
50
39
36
35
32
17
4
17
37
51
58
59
61
80
99
102
83
49
28
33
52
71
69
52
39
33
36
51
74
86
83
73
65
43
18
4
11
17
10
0
3
11
29
55
70
66
56
68
85
99
108
105
91
83
72
57
43
42
56
84
100
86
54
32
32
43
43
36
33
39
59
77
96
105
100
83
67
53
51
74
105
101
64
28
28
49
68
77
83
83
87
101
114
120
103
72
50
35
33
29
19
26
54
83
105
107
87
77
80
73
61
59
61
54
43
44
70
89
68
28
17
28
50
57
52
50
53
60
60
52
43
40
36
29
29
49
81
96
87
75
73
66
51
37
22
19
23
35
37
25
20
35
43
39
37
39
43
49
68
100
107
75
24
-2
3
28
60
75
73
61
56
54
52
41
32
20
21
45
59
51
51
72
93
88
59
35
21
19
26
36
41
53
56
35
9
18
50
69
60
39
26
44
70
75
66
66
67
68
57
36
8
-9
-10
-7
-8
-12
-19
-8
12
25
36
52
51
35
17
16
20
21
7
-6
2
18
26
33
33
20
5
0
1
11
41
54
43
27
20
12
10
16
36
49
42
32
27
35
49
81
103
76
27
-1
2
5
-4
-9
-9
-2
0
-2
10
36
42
25
7
7
19
21
25
50
71
65
39
17
3
-3
10
48
53
37
37
58
71
69
67
69
59
35
18
21
33
32
28
37
49
54
54
49
51
59
59
52
43
33
35
60
88
91
87
84
68
48
37
27
22
33
59
70
52
26
19
25
33
38
49
45
25
10
20
53
84
87
64
34
9
17
57
92
88
55
27
24
35
37
33
28
37
59
84
82
73
92
108
89
51
28
27
29
9
-11
-11
5
20
20
5
-1
18
45
57
57
55
56
57
28
-6
-7
24
49
49
40
32
29
39
59
89
105
99
66
34
25
43
64
57
28
8
19
45
69
74
74
71
59
37
22
24
28
29
38
53
65
65
75
103
103
66
22
9
27
51
52
39
28
36
66
87
76
43
21
20
37
42
27
10
3
-3
-3
2
6
19
32
51
70
73
51
19
3
4
19
45
69
65
44
48
68
70
44
18
2
-8
-11
-1
19
28
19
-4
-3
40
83
75
32
3
7
22
27
28
27
27
35
51
57
52
43
40
35
29
33
43
57
61
53
37
9
-10
-9
9
21
40
72
87
80
56
51
55
43
24
20
19
28
48
57
67
72
83
101
96
67
43
48
50
44
41
57
87
103
108
117
108
74
37
24
23
24
22
13
4
7
33
68
89
85
58
34
26
32
34
35
37
35
28
22
33
66
87
77
60
53
34
16
17
38
55
69
70
59
65
76
74
57
41
26
13
-1
-5
1
4
5
9
11
9
4
8
18
9
1
19
43
51
36
26
38
48
53
44
25
17
13
3
3
19
26
20
19
21
21
23
23
17
18
26
25
5
-6
7
38
64
82
98
97
81
65
50
40
28
4
-13
-3
20
17
-7
-18
-7
1
3
-2
-18
-23
-4
17
20
7
3
19
34
27
5
-4
9
25
43
53
60
92
134
151
133
90
58
45
22
1
-4
-5
12
58
113
136
119
81
45
37
50
50
34
24
33
45
67
75
77
89
101
87
59
37
19
12
17
32
77
120
136
119
92
72
54
39
23
21
38
76
129
151
132
98
69
49
21
3
20
49
57
57
66
71
75
88
86
66
38
23
35
57
68
67
66
53
43
37
39
44
55
69
96
114
107
84
59
53
74
88
68
18
-19
-5
27
52
64
65
68
69
59
41
25
32
56
73
66
43
48
60
67
71
70
60
60
77
84
67
35
3
-5
19
37
33
25
33
54
77
91
97
84
25
-41
-38
32
67
44
3
-37
-43
-11
4
-25
-55
-43
-3
49
73
49
18
17
25
27
35
41
33
19
27
50
80
106
117
119
121
99
52
16
27
81
112
87
42
28
39
53
49
32
21
37
70
87
66
35
21
21
17
0
-10
9
54
84
72
40
24
22
3
-28
-34
-29
-24
-26
-5
52
51
2
54
166
137
4
-23
71
249
389
247
7
-76
-20
28
81
117
148
121
17
-4
149
325
361
247
144
193
268
296
340
423
504
492
385
220
192
363
488
466
419
391
354
240
289
460
528
420
336
314
292
384
472
457
369
289
275
288
249
301
413
391
256
188
262
329
276
244
208
185
109
-39
-88
-2
24
-78
-147
-173
-137
-54
4
-71
-279
-396
-330
-403
-613
-797
-984
-967
-827
-830
-995
-1201
-1173
-971
-969
-1195
-1276
-1123
-935
-829
-822
-857
-772
-609
-525
-524
-533
-482
-476
-546
-437
-280
-210
-219
-282
-275
-201
-164
-183
-155
-8
59
76
105
97
108
132
164
167
122
98
128
180
238
323
391
391
345
315
313
292
244
211
219
263
323
406
491
537
547
563
599
594
555
631
941
1435
1703
1728
1721
1725
1713
1669
1610
1555
1500
1444
1383
1334
1291
1249
1200
1143
1089
1029
977
935
900
864
822
779
730
679
645
641
635
610
561
504
451
406
375
344
321
310
311
310
299
285
263
219
169
148
155
163
152
138
128
100
52
9
-9
-12
-23
-45
-68
-73
-66
-59
-59
-65
-59
-55
-71
-103
-135
-154
-166
-167
-173
-186
-193
-179
-157
-154
-161
-154
-151
-178
-217
-217
-203
-214
-237
-246
-252
-269
-284
-289
-276
-255
-233
-219
-221
-225
-211
-187
-182
-198
-214
-220
-218
-213
-205
-201
-202
-204
-179
-143
-150
-180
-195
-200
-216
-227
-221
-205
-193
-174
-165
-172
-180
-179
-179
-177
-168
-165
-162
-145
-109
-89
-100
-122
-145
-154
-154
-148
-129
-109
-108
-106
-103
-93
-91
-106
-123
-120
-98
-61
-37
-39
-59
-74
-82
-83
-77
-61
-45
-50
-84
-122
-147
-149
-139
-136
-138
-132
-109
-76
-49
-51
-75
-93
-109
-117
-109
-93
-87
-89
-82
-57
-45
-67
-101
-124
-117
-73
-34
-23
-25
-21
-23
-28
-29
-43
-74
-92
-76
-41
-17
-9
-5
-6
16
52
25
-27
-66
-87
-89
-65
-44
-45
-51
-45
-35
-10
-17
-58
-83
-70
-52
-61
-86
-81
-37
-7
-21
-44
-65
-70
-52
-21
-20
-35
-39
-33
-26
-24
-14
-2
5
-5
-8
6
35
49
56
56
23
-23
-38
-11
8
5
-8
-19
-14
5
34
44
39
33
25
29
51
57
40
27
25
17
5
7
5
-17
-40
-43
-33
-9
10
13
-1
-11
-2
32
59
50
11
-10
-14
-12
-18
-12
8
28
36
39
61
85
84
66
41
32
23
26
43
51
41
35
37
55
89
100
68
25
5
-3
-14
-19
-19
-35
-52
-54
-39
-21
-8
-5
-12
-20
-13
-5
2
4
2
-3
1
19
50
75
86
75
52
27
9
1
-6
-11
-10
-7
-9
-3
18
35
33
23
20
23
33
53
68
69
69
80
84
54
11
-5
9
39
55
43
22
7
17
20
9
9
25
41
50
56
60
48
34
32
24
2
-33
-51
-29
-1
1
-11
-21
-17
3
25
12
-28
-67
-72
-38
-9
3
11
16
7
-9
-26
-7
41
70
67
58
70
100
123
131
113
81
58
59
85
115
132
128
123
131
124
105
87
83
87
90
91
88
77
69
59
55
57
73
86
83
73
69
59
49
41
34
25
28
44
45
35
17
-1
-23
-29
-24
-9
6
23
40
50
55
55
51
43
35
32
33
37
48
41
23
19
25
35
51
57
51
44
50
54
43
21
1
-4
10
35
56
74
72
53
23
6
5
1
-13
-18
-3
11
24
51
86
72
18
-19
-26
-28
-29
-19
-10
-7
3
8
2
7
19
21
22
26
11
-7
-6
12
39
45
19
-11
1
37
34
-8
-49
-58
-39
-11
1
-6
-11
-4
22
57
72
59
42
32
18
6
12
23
29
18
-10
-29
-41
-53
-51
-39
-30
-25
-17
6
13
-3
-11
5
36
72
96
75
36
9
0
-5
-3
2
16
57
101
104
89
87
85
76
64
45
32
23
28
43
53
51
39
21
5
-1
9
11
5
1
0
7
24
49
60
50
32
24
29
42
57
57
50
57
82
81
50
20
7
9
20
25
25
32
35
40
54
56
48
53
52
26
17
26
48
68
64
34
11
21
45
57
48
27
6
2
23
52
59
54
48
39
36
43
49
35
34
53
57
37
12
0
-2
-3
4
7
2
-4
4
26
40
42
26
10
7
25
54
54
25
5
5
33
57
72
76
71
61
52
33
22
20
17
11
9
23
48
64
61
65
68
58
48
44
50
42
19
-5
-20
-20
-10
-9
-3
19
38
37
35
49
70
81
65
42
36
44
77
92
65
22
22
51
55
37
26
32
32
19
17
27
45
67
90
107
107
104
105
102
84
44
21
37
70
74
45
25
32
39
48
44
29
18
13
20
38
53
49
36
23
16
24
45
72
99
97
61
45
56
59
38
4
-11
-11
-1
6
-4
-13
0
23
33
23
22
48
73
65
27
-5
-7
19
48
54
40
24
35
56
71
68
56
44
41
44
40
35
37
36
33
49
68
60
37
26
33
33
26
25
36
39
29
40
84
117
98
48
12
10
13
18
35
42
33
18
9
13
25
26
21
23
32
37
49
56
54
54
66
76
87
99
97
77
66
68
75
71
52
50
60
71
81
88
81
72
57
49
53
67
73
73
81
71
43
37
56
73
69
59
38
18
21
34
27
5
-20
-27
-11
3
9
6
-6
-20
-9
22
43
57
56
40
44
65
77
80
71
61
55
49
58
87
87
42
7
12
41
61
85
106
103
82
71
80
75
51
32
41
65
76
73
83
96
87
59
32
18
26
43
65
80
86
87
91
99
96
69
37
10
16
39
39
25
23
25
33
48
65
86
101
91
80
70
59
44
26
18
36
73
112
115
96
75
54
27
-2
-25
-28
-9
21
43
53
55
55
41
18
16
43
55
50
67
91
87
65
57
59
34
-11
-36
-18
19
41
37
19
13
33
59
65
50
25
-2
-22
-7
39
67
49
10
-17
-19
-10
-17
-27
-35
-21
1
13
27
55
76
72
54
39
33
38
60
69
49
28
29
28
7
1
17
34
34
26
35
41
43
55
72
65
48
51
67
75
65
48
40
38
43
54
48
25
20
32
48
53
55
59
67
60
36
7
-2
13
37
48
53
54
58
73
98
99
82
54
26
11
24
40
35
19
6
13
39
51
45
39
36
53
86
105
89
68
68
60
39
23
-2
-27
-33
-8
12
28
42
52
57
72
91
108
107
101
98
98
89
81
60
35
16
7
0
-5
4
27
49
58
59
59
72
93
91
58
28
24
37
45
44
43
42
41
40
44
49
36
22
11
5
6
21
38
50
60
65
58
59
57
34
2
-7
6
34
61
81
93
100
85
60
51
53
59
51
22
-3
-3
23
48
58
75
88
69
40
41
64
87
101
87
43
3
5
26
29
18
7
21
44
57
76
105
114
90
59
50
56
66
61
35
4
3
25
41
38
35
37
37
33
35
49
55
51
38
28
27
33
39
51
68
71
72
76
65
38
21
21
25
36
54
67
60
50
28
11
6
6
12
17
18
42
81
86
56
25
12
19
33
53
65
70
49
10
-19
-18
5
27
34
33
39
57
66
56
39
21
8
4
12
49
98
108
74
51
44
42
36
34
38
42
39
35
49
74
75
64
52
43
52
73
90
90
83
65
49
53
77
83
67
67
82
87
64
25
5
5
13
24
34
51
73
88
97
97
99
103
83
53
36
26
29
39
37
20
20
27
34
42
53
48
20
-3
3
26
42
33
20
27
50
61
58
49
35
26
26
33
27
9
-12
-27
-13
29
68
69
40
8
7
39
66
59
38
25
36
57
67
72
85
85
67
44
45
67
75
71
60
45
36
41
58
74
89
85
73
61
49
27
11
3
8
25
39
42
41
42
55
68
71
73
69
64
66
84
103
118
124
123
106
69
25
9
10
21
27
29
34
51
80
92
70
27
18
44
73
98
112
108
93
73
61
74
71
39
18
17
37
59
69
66
48
32
32
35
29
26
44
75
80
43
4
-10
-5
7
21
25
21
21
29
37
27
24
29
27
22
32
51
60
57
53
52
44
25
8
7
5
-6
-8
5
20
32
39
44
51
53
48
42
52
59
50
35
21
13
13
29
64
83
85
83
74
60
45
26
9
5
6
12
40
58
51
39
34
22
8
7
25
56
87
103
89
70
56
32
4
-6
-3
24
65
56
17
-3
7
33
39
28
19
19
37
55
57
60
81
98
97
84
69
68
69
77
104
121
104
74
55
53
59
73
88
93
100
85
43
16
7
0
2
24
48
41
35
42
43
32
16
12
36
54
50
48
69
98
99
81
58
41
28
22
23
38
65
75
59
20
-4
11
35
32
16
6
12
37
57
66
57
39
33
27
27
35
42
53
72
90
103
96
64
