25
55
75
78
75
76
67
40
17
5
22
44
39
13
-6
-6
7
21
33
51
75
87
76
53
25
24
32
26
32
69
112
106
75
57
57
52
33
9
3
16
37
52
54
51
42
19
-11
-35
-37
-24
-1
37
57
53
44
55
69
85
86
61
27
21
38
52
53
48
21
-11
-21
5
41
65
78
83
74
61
38
18
24
48
59
49
32
34
57
76
75
69
55
37
23
25
26
35
51
69
71
52
32
29
48
65
66
54
33
1
-22
-27
-22
-3
36
60
50
35
41
53
44
19
3
-4
-10
9
35
35
39
59
74
75
74
75
73
74
67
40
19
17
32
39
21
0
5
38
81
89
58
38
57
90
88
58
42
57
84
96
77
58
60
86
103
77
27
-10
-23
-27
-42
-46
-33
-27
-29
-22
0
27
41
37
33
35
40
43
42
33
18
21
40
58
81
91
88
92
117
141
129
75
18
1
27
61
69
50
29
34
64
92
104
84
45
24
12
9
11
22
39
69
89
60
25
37
72
71
39
12
19
34
39
45
60
75
97
80
-6
-82
-87
-39
7
16
19
49
83
107
123
128
102
57
16
-6
-18
-7
39
103
149
147
83
-3
-37
-13
23
42
52
44
36
35
49
67
66
24
-36
-45
-1
43
54
60
76
71
41
12
5
16
29
33
48
73
72
51
37
33
34
26
25
40
57
64
48
18
-4
-3
5
-8
-45
-67
-39
6
41
58
56
43
37
42
51
49
37
35
52
69
57
27
16
33
49
39
12
3
11
20
17
8
10
27
60
93
104
96
87
90
98
88
54
16
1
-3
-4
1
1
2
9
17
11
9
24
44
39
23
18
13
18
16
5
13
52
91
114
124
133
120
81
60
72
75
61
50
52
53
34
39
77
113
120
117
113
85
51
55
107
139
131
93
54
36
52
73
57
16
-43
-86
-72
-21
40
89
107
108
92
70
56
49
27
-7
-22
18
88
117
97
68
48
25
5
-4
-10
-5
7
36
76
97
73
53
68
105
138
153
139
103
65
42
36
34
22
1
6
38
61
76
81
74
65
49
37
48
80
105
98
61
32
21
27
24
-1
-14
-8
17
49
53
11
-37
-52
-37
-6
16
25
45
67
65
55
75
90
66
23
-9
-11
23
71
101
106
96
73
66
69
69
69
75
80
81
101
125
133
107
71
51
59
88
98
74
50
48
58
50
37
58
64
39
26
21
22
29
26
11
-1
-5
3
25
43
37
26
43
72
71
29
-9
-13
6
11
-17
-36
-33
-11
21
54
76
77
81
92
101
97
90
71
39
8
-10
-9
-2
4
24
37
38
29
25
26
35
44
51
39
29
25
19
28
52
36
4
-12
-5
19
37
38
26
19
7
-8
-12
5
29
36
27
37
69
91
91
85
84
81
66
39
13
-4
12
54
67
57
43
33
18
7
10
11
-7
-35
-49
-33
6
48
56
39
33
41
42
33
28
41
55
57
54
59
74
70
49
27
21
16
19
44
72
71
68
90
119
120
97
69
43
29
27
36
40
32
24
22
18
10
12
36
53
56
60
54
39
32
12
1
24
41
41
35
29
54
85
96
96
90
71
41
32
38
42
40
34
27
50
91
117
103
83
71
59
53
45
37
28
25
19
12
22
33
39
53
66
69
69
75
89
98
91
80
65
55
48
28
16
21
39
53
54
49
56
69
71
70
68
60
69
83
85
66
40
38
48
41
32
27
22
10
10
16
19
33
52
69
64
39
29
44
64
75
73
53
38
55
87
93
61
21
12
42
67
64
35
9
6
12
26
38
45
49
42
34
26
20
12
26
71
97
87
82
92
123
135
103
67
41
17
-26
-71
-61
-10
27
42
42
45
58
69
59
42
38
38
36
37
35
28
40
41
33
11
-17
-43
-41
-7
29
50
57
73
89
89
72
60
53
54
75
105
109
91
67
66
76
71
55
50
43
33
43
81
98
72
35
10
-2
1
5
10
38
84
99
74
57
48
48
43
28
17
21
33
40
39
39
35
21
18
27
37
34
21
18
13
17
21
28
37
17
-9
-13
2
19
32
40
45
45
43
41
33
21
16
18
18
17
26
49
58
40
7
-4
7
5
-2
10
39
51
39
11
-11
-8
26
56
54
41
44
73
92
82
52
22
-1
-19
-29
-35
-19
17
41
41
27
26
37
51
80
119
151
156
141
125
124
131
123
101
81
67
60
49
34
37
66
87
73
28
-10
2
50
73
54
21
16
33
58
85
92
60
5
-33
-42
-38
-28
-25
-22
0
37
61
71
75
81
80
61
25
5
20
42
51
64
82
87
80
77
85
91
98
97
76
52
28
23
27
25
7
-8
-11
10
51
82
88
68
37
32
40
39
24
9
8
7
1
-3
4
11
19
27
42
71
101
84
18
-18
-2
11
11
19
27
41
57
72
82
76
55
34
34
48
48
36
32
41
56
53
51
60
71
73
59
50
57
69
65
53
46
51
55
60
65
65
55
36
13
18
38
55
52
42
42
37
22
3
-3
11
35
37
24
33
71
104
114
100
77
66
51
25
-4
-12
-6
-1
17
37
55
73
80
70
61
51
38
27
6
4
41
76
73
32
1
17
39
43
32
22
25
37
27
8
11
40
69
69
68
76
77
75
57
17
-9
-11
-3
5
22
49
37
-3
-9
19
51
65
57
48
49
57
73
92
76
29
9
12
17
22
36
53
83
107
115
112
96
66
36
22
35
51
50
40
27
26
51
81
86
70
54
51
52
29
-8
-34
-20
29
59
39
8
19
56
75
102
121
103
81
74
68
67
75
70
68
66
65
64
59
60
67
81
73
25
-29
-40
-24
-22
-26
-21
-6
17
41
65
89
112
102
88
99
113
91
37
-17
-29
-17
4
18
18
12
22
21
-9
-29
-23
11
55
70
66
88
139
169
146
90
39
-2
-17
5
44
59
54
39
28
11
-18
-33
-22
-9
1
25
56
76
81
72
69
101
133
107
69
65
80
60
4
-43
-53
-39
-24
-9
10
28
68
106
99
50
16
9
18
24
32
40
57
68
84
123
154
140
109
97
97
87
49
7
6
38
61
61
53
43
52
52
38
25
20
21
22
18
28
66
87
61
5
-44
-55
-28
-7
6
32
81
135
171
156
107
73
85
112
96
42
10
25
55
65
45
29
21
13
26
57
72
56
58
80
82
55
38
49
74
100
122
120
72
11
-11
-5
8
10
11
11
7
-5
-9
-1
12
22
48
91
120
113
73
9
-40
-34
7
16
-19
-44
-35
4
42
54
42
49
91
129
128
93
76
85
91
74
40
9
13
45
76
98
87
51
26
24
39
77
118
120
91
60
48
41
13
-26
-33
-1
45
85
98
119
150
129
72
25
19
43
60
44
16
-11
-26
-19
7
24
16
-1
6
23
25
29
66
105
89
42
33
64
73
42
17
7
7
7
7
3
5
34
75
91
74
75
99
105
101
72
23
-6
8
43
52
43
57
82
71
45
43
43
18
-9
-6
36
99
138
113
60
42
48
49
45
55
58
55
43
27
10
3
26
53
54
35
32
43
58
59
36
8
26
68
75
33
-20
-24
-7
-11
-27
-23
4
37
64
86
108
117
108
91
55
26
35
59
71
70
64
48
39
50
65
45
7
-18
-4
41
70
59
42
39
53
75
112
139
121
60
25
49
88
118
107
56
20
9
-1
-8
-22
-34
-11
24
49
50
52
55
58
75
76
58
38
16
6
23
34
20
11
17
9
-8
-13
-1
10
17
10
16
40
72
97
100
65
22
1
26
76
75
23
-28
-49
-34
3
40
54
49
45
54
61
64
56
54
55
27
-11
-8
53
123
153
120
55
4
-9
-1
5
11
40
65
69
69
65
59
55
51
32
-6
-33
-26
-10
3
24
49
54
43
28
22
33
48
58
71
88
88
60
29
28
42
36
-2
-50
-82
-82
-43
5
48
65
57
77
117
131
101
59
55
88
98
51
-3
-17
17
58
55
10
-21
-24
-2
33
61
58
37
22
22
9
-7
-4
7
11
0
-24
-26
5
52
89
98
75
43
28
34
36
33
20
8
17
34
54
65
70
68
43
27
19
9
9
25
49
55
56
69
86
93
96
84
54
23
21
52
70
60
52
54
55
49
35
17
2
12
43
57
40
21
26
53
71
72
72
83
98
114
103
66
42
41
51
66
65
28
18
37
52
39
19
3
13
44
86
109
102
85
70
55
33
25
43
71
76
60
58
76
89
68
41
35
26
19
27
41
49
44
36
24
18
19
21
11
9
25
43
49
28
6
1
5
19
44
72
89
93
85
84
96
103
97
75
52
36
7
-36
-56
-28
8
37
38
23
21
26
37
49
49
37
21
5
5
11
23
32
35
54
84
87
53
1
-12
12
35
48
58
60
65
86
107
98
65
25
0
-17
-19
0
20
25
24
27
34
41
49
43
35
29
17
-4
1
25
37
23
-3
-23
-23
-8
3
1
-1
-4
-9
-8
3
11
11
21
44
52
43
41
39
40
39
32
11
-4
-1
36
80
105
105
81
58
57
58
42
21
18
35
45
48
57
85
103
98
85
73
56
39
33
38
39
24
21
39
44
33
20
21
27
28
37
56
69
66
54
49
48
49
54
71
77
67
54
50
43
34
17
-1
-18
-37
-50
-36
5
48
74
99
116
115
102
100
119
120
88
55
54
65
59
56
67
75
69
55
43
33
28
32
38
52
60
75
80
53
27
38
69
89
72
26
8
21
49
68
57
33
24
34
41
49
48
44
52
69
83
74
57
41
25
27
37
33
25
27
19
10
37
87
120
114
74
50
71
107
108
84
77
92
92
74
55
37
7
-12
3
41
56
53
61
85
90
76
57
50
60
55
37
53
84
91
70
27
-7
-13
6
20
9
-6
-3
24
29
0
-36
-50
-18
37
68
69
53
43
52
43
25
7
11
38
85
124
136
119
90
69
51
33
3
-38
-55
-21
37
71
55
28
12
-7
-5
26
66
76
60
32
2
1
22
48
37
-1
-21
-11
4
19
41
38
-10
-67
-74
-23
55
102
100
75
73
91
97
84
61
34
-3
-10
10
44
91
134
135
100
62
50
54
39
17
8
6
5
16
41
82
102
77
42
37
38
27
19
21
27
35
34
25
8
-8
-5
38
82
82
43
21
49
97
117
87
38
24
59
107
123
106
83
71
58
27
1
-9
17
52
40
-7
-28
5
42
67
81
82
89
113
144
152
131
101
67
27
-3
-23
-25
-2
21
40
65
73
81
88
92
76
50
27
18
21
36
44
70
91
76
42
24
24
26
18
1
-4
7
25
59
85
85
67
49
50
59
64
53
37
22
29
56
82
96
87
70
51
23
5
9
21
40
54
58
50
36
13
-5
-8
-2
3
10
21
39
50
38
3
-22
-10
3
17
33
37
33
34
75
103
71
25
32
69
105
120
100
55
1
-29
-18
9
29
51
45
27
36
67
89
91
59
4
-20
0
44
89
107
97
74
55
53
59
65
60
36
-5
-35
-17
19
36
39
41
49
54
54
59
68
69
59
57
69
75
73
71
71
83
82
64
39
24
13
9
19
35
54
73
90
90
61
27
21
36
42
33
23
24
29
40
55
64
53
37
23
17
36
85
112
102
85
70
55
28
6
-5
-9
4
33
65
73
54
49
60
76
84
70
41
27
25
35
51
51
29
21
19
-1
-7
10
32
40
49
45
53
75
97
80
25
-9
13
54
49
19
13
16
3
-3
-4
16
66
120
133
117
120
136
125
90
43
6
0
16
36
57
70
61
35
8
-1
-3
-7
-24
-38
-20
19
58
99
129
145
158
155
115
57
16
-4
-2
-5
-17
-18
7
42
72
93
99
92
83
56
26
1
-7
6
39
71
84
86
102
108
73
21
-2
-21
-40
-36
-3
52
98
103
84
75
92
90
39
-12
-13
29
74
83
71
75
89
76
53
34
19
22
32
33
42
54
69
88
97
75
36
23
33
37
45
60
60
44
53
90
104
69
26
20
25
13
-2
-3
7
18
28
44
66
64
29
18
42
74
90
90
91
88
80
71
69
72
61
42
29
27
45
75
88
73
42
28
35
42
33
12
-17
-23
-3
16
28
42
55
66
71
74
69
43
13
-5
-12
-6
21
59
87
91
87
82
65
33
-1
-9
11
28
27
10
5
22
38
38
25
13
35
72
73
39
10
-1
-7
-7
-6
-11
-22
-17
11
33
25
24
33
17
-9
1
34
45
33
7
-2
6
35
60
90
107
81
8
-46
-36
16
50
54
58
83
102
109
91
58
57
76
58
-33
-104
-75
5
54
45
24
12
22
65
105
113
92
43
-7
-29
-38
-18
19
51
74
88
85
76
61
52
51
32
7
-3
-1
43
113
145
128
104
75
55
50
45
42
40
37
55
75
71
44
6
-21
-28
-5
36
69
108
144
148
134
123
109
75
21
-29
-39
-14
21
66
116
155
157
115
56
13
2
4
8
17
26
38
40
24
5
4
1
-19
-19
0
25
35
13
-11
2
41
67
60
52
53
49
50
58
52
26
-10
-29
-19
9
45
81
81
49
48
98
135
121
87
73
69
59
41
23
23
27
25
40
75
90
73
68
75
91
112
116
76
20
0
33
64
55
37
25
28
48
41
-17
-58
-14
67
115
120
112
119
134
129
84
23
-7
-22
-29
-10
20
49
44
28
58
117
155
161
151
133
100
66
40
25
16
-9
-25
-3
27
56
81
100
90
40
-11
-51
-66
-59
-43
-17
16
49
87
107
99
97
107
131
119
72
27
8
10
42
72
60
28
5
-10
-4
34
76
96
82
49
16
1
5
17
28
35
37
36
43
52
58
71
91
108
108
96
87
92
83
60
36
-5
-58
-67
-8
55
59
34
35
56
67
54
37
26
36
38
27
3
-25
-28
-34
-54
-56
-19
35
81
90
58
1
-36
-53
-51
-20
4
-7
-11
12
42
54
57
43
6
-27
-24
20
51
54
45
38
25
27
57
86
104
104
73
12
-33
-37
3
51
60
56
60
77
97
89
66
39
10
-28
-54
-35
26
91
124
125
125
118
91
72
57
40
35
41
43
26
-3
3
35
42
22
-4
-22
-20
9
41
71
96
102
83
21
-25
-13
36
73
68
39
33
61
106
136
138
105
59
23
-7
-10
2
0
-18
2
48
65
44
26
24
33
37
36
50
59
55
55
50
32
22
27
41
49
65
84
91
89
85
64
17
-19
-25
-20
-13
-10
-8
-2
19
48
44
13
-7
1
34
58
61
69
73
75
81
83
73
53
26
6
16
48
69
56
32
17
23
25
11
-10
-11
11
27
8
-20
-7
29
52
54
51
35
17
5
7
22
49
64
54
51
73
106
109
73
33
22
37
57
74
93
106
118
120
115
98
81
74
93
120
123
102
88
89
81
59
53
57
53
38
27
21
10
-5
-8
8
29
34
25
36
51
55
56
52
41
33
20
-7
-21
-12
5
25
27
17
8
23
45
56
52
48
50
58
67
70
83
107
118
101
85
85
77
67
68
84
105
107
91
80
74
71
57
33
7
-6
0
26
49
39
24
23
25
2
-36
-47
-37
-9
19
37
37
36
33
18
0
-5
2
-2
-19
-35
-25
-7
-11
-24
-7
32
60
71
71
76
86
103
121
124
104
93
115
161
197
185
132
83
71
91
97
69
33
19
33
54
60
46
32
24
25
35
39
48
60
60
45
12
-9
7
28
27
25
34
44
64
83
81
55
12
-27
-40
-9
40
68
61
41
41
71
105
122
119
101
83
68
53
49
59
86
77
38
23
49
76
77
51
22
27
55
68
77
97
114
125
135
130
104
83
75
68
36
4
4
27
52
57
48
45
73
93
71
11
-13
5
48
45
6
-35
-49
-28
2
17
21
19
16
27
53
66
48
17
1
5
7
18
42
76
100
93
81
75
59
23
-13
-26
-7
3
2
-9
-4
21
45
60
68
66
73
91
101
98
97
89
77
83
89
72
44
44
69
85
75
53
36
49
67
59
9
-19
26
92
118
102
81
74
87
89
58
17
-10
-24
-20
-2
26
45
58
65
59
39
12
7
18
34
35
29
38
53
69
69
52
41
42
42
37
29
17
-5
-17
-17
-10
-17
-24
-5
39
85
114
113
97
82
80
68
49
33
33
35
44
74
101
87
40
-22
-61
-41
16
60
41
-3
-5
33
67
70
49
36
48
61
67
50
26
23
28
35
26
9
2
11
33
52
58
37
5
-6
8
29
41
52
59
49
8
-19
0
49
84
82
66
54
59
88
105
97
83
72
52
18
7
24
42
35
18
3
-1
2
-7
-21
-23
-14
-2
18
39
57
65
71
81
88
87
68
51
57
83
85
54
27
40
75
104
96
70
71
99
118
107
83
70
80
90
73
48
36
28
3
-25
-33
-18
4
18
12
28
83
119
117
93
67
37
12
-5
-9
10
38
53
55
33
17
25
36
18
-12
-1
48
86
83
52
23
24
36
20
-3
-7
21
68
103
114
100
60
34
33
32
42
84
133
162
154
121
84
54
27
-19
-58
-38
45
119
134
106
83
58
33
17
16
22
26
40
77
104
80
50
55
69
53
23
19
39
61
71
69
54
21
-6
0
13
3
-7
10
32
36
37
36
32
38
58
74
73
44
9
-1
18
49
64
41
-9
-62
-91
-78
-43
-6
6
-4
-3
11
19
7
5
45
87
89
66
41
35
38
34
23
23
21
17
21
36
43
37
23
4
-9
-10
-12
-10
24
66
83
71
69
97
112
93
41
-10
-17
1
8
-2
-29
-70
-65
8
124
196
170
122
117
133
135
103
49
-1
-23
-20
-6
16
33
45
64
81
93
113
133
146
137
121
104
75
34
-7
-35
-38
-20
0
2
12
45
75
87
54
0
-24
-17
3
29
54
72
84
87
86
67
41
13
-7
-9
1
21
44
52
56
72
74
80
92
120
138
119
91
85
103
125
118
69
18
11
17
4
11
55
81
38
-17
-3
57
83
65
21
-9
9
51
82
109
118
113
97
58
21
-2
-11
-27
-65
-76
-37
17
80
136
141
96
36
7
19
23
-9
-41
-46
-13
26
58
77
86
85
80
65
42
35
36
20
17
32
36
34
35
42
56
65
70
73
69
67
76
86
68
34
16
16
35
49
41
38
40
58
112
153
137
69
12
6
49
88
96
69
52
52
42
19
-17
-43
-65
-75
-68
-52
-6
39
59
82
133
177
156
86
23
3
10
10
-19
-50
-39
5
53
84
87
73
60
55
59
65
57
55
71
86
83
66
64
59
51
55
60
65
60
53
44
43
41
19
-3
9
35
34
33
34
44
64
68
60
51
50
66
85
74
39
3
-9
3
40
68
69
55
66
88
86
69
44
17
-17
-35
-19
16
38
41
37
43
73
113
115
76
32
-2
-22
-19
5
28
36
35
41
45
39
33
33
32
21
23
46
60
49
18
-5
-10
3
11
9
13
39
77
99
76
45
43
66
65
49
45
53
52
39
22
19
32
40
49
58
66
57
27
8
17
54
104
123
99
59
24
2
-3
7
18
20
19
20
28
56
103
116
72
25
25
54
75
77
69
53
37
33
49
56
61
76
89
74
39
22
29
34
3
-38
-19
43
91
91
64
49
52
69
88
92
82
53
27
23
38
43
27
17
32
64
87
90
83
59
16
-19
-21
0
7
4
7
19
27
39
51
45
24
9
-4
-11
1
23
34
29
28
42
68
86
81
51
18
11
28
43
38
32
33
34
42
64
72
72
89
115
119
99
73
56
51
53
49
35
29
51
83
96
77
57
50
44
33
13
26
74
114
108
76
57
71
90
77
42
18
26
42
33
18
21
49
75
81
59
49
59
75
82
41
-12
-6
42
69
59
55
61
72
72
66
67
57
37
25
21
11
22
54
57
33
8
5
11
10
-9
-23
-5
24
41
45
38
38
48
67
75
72
59
38
23
22
27
23
11
5
-3
3
37
77
92
92
78
43
12
9
12
11
27
51
65
70
66
52
40
39
36
26
19
10
6
16
36
52
55
36
16
11
23
22
11
32
60
67
44
28
21
12
17
29
22
-5
-7
28
67
89
92
82
66
45
29
27
50
72
71
58
56
56
51
58
74
73
51
13
-6
-3
20
35
25
13
23
43
67
81
72
40
7
-7
-9
-5
11
51
73
65
56
72
89
77
44
17
-1
-10
-18
-10
19
53
67
71
75
77
76
68
57
49
49
56
68
82
81
53
33
39
60
72
70
58
39
39
53
65
57
36
40
77
91
60
12
5
24
24
1
-13
-3
17
35
39
23
-4
-23
-23
-11
-5
11
41
70
80
69
57
41
19
11
16
7
3
11
23
19
5
4
13
18
11
11
24
41
61
82
91
98
98
65
22
19
54
80
72
57
68
92
100
65
12
-23
-43
-41
-20
1
8
9
21
41
52
50
43
42
56
81
99
103
81
53
49
53
39
21
18
18
25
49
72
85
89
91
85
87
92
89
66
27
9
-1
-8
-21
-35
-41
-30
-8
21
37
35
34
41
58
89
122
124
101
65
23
-4
2
18
18
20
41
57
48
19
-3
-9
-4
3
1
1
11
26
50
70
75
74
67
41
13
0
-5
9
29
34
27
52
84
92
96
96
87
58
37
49
66
51
23
21
55
99
96
61
56
89
122
129
115
104
114
112
71
20
-2
-1
11
24
22
-2
-24
-29
-13
10
35
65
93
105
96
75
52
32
20
0
-17
-3
39
83
90
70
42
33
29
22
16
28
45
58
71
71
56
37
28
38
49
49
49
53
55
69
89
84
58
45
54
65
57
27
-5
-17
-1
25
48
60
65
56
49
48
48
28
-11
-41
-25
25
65
57
43
48
56
52
23
-3
3
32
55
68
83
102
107
97
67
49
56
60
37
1
-1
9
12
12
27
32
12
20
43
59
67
60
50
53
74
87
60
23
10
33
74
90
73
53
49
51
59
66
50
25
5
6
37
61
55
39
50
73
93
100
89
80
65
49
26
4
-8
-13
7
52
70
67
76
91
74
51
33
23
43
61
45
37
69
105
125
131
125
122
101
52
10
-6
-18
-60
-126
-153
-87
4
56
119
177
200
188
163
129
84
45
25
11
-2
17
75
115
91
35
8
37
70
75
59
25
4
38
103
133
103
69
69
75
52
-2
-41
-53
-36
-8
9
25
48
71
77
45
1
-19
-12
-3
-12
-42
-54
-29
-6
-10
-45
-70
-61
-1
74
128
144
133
118
121
132
144
139
99
41
8
21
48
50
33
7
-24
-55
-46
-1
51
75
76
68
65
70
83
88
87
70
43
37
54
53
27
1
-9
-2
-9
-14
9
43
75
92
75
38
7
6
33
59
69
49
9
5
40
64
39
10
9
16
16
26
59
89
85
53
34
49
61
59
43
21
11
21
39
43
29
3
-17
-5
24
68
101
97
67
59
76
59
20
3
1
5
12
29
50
64
76
88
85
54
16
9
34
55
73
87
90
97
106
105
75
39
26
25
42
68
58
11
-7
20
52
67
68
53
33
32
53
69
71
65
53
44
51
59
49
24
1
-17
-26
-19
-9
-6
-10
-35
-53
-65
-39
25
81
88
82
92
108
107
97
69
39
28
24
29
60
113
153
154
105
37
-11
-3
37
59
50
37
43
53
58
48
23
22
50
82
86
55
33
43
61
55
27
6
-7
-7
10
29
35
35
34
33
28
32
27
17
21
34
21
2
10
37
61
69
43
1
-12
12
58
87
91
84
71
66
65
55
49
41
28
16
10
12
21
38
65
81
67
40
33
41
57
55
26
-10
-27
-11
21
41
41
43
69
92
103
99
81
50
24
23
33
34
40
49
34
17
22
34
25
0
-11
0
17
21
17
9
4
9
22
21
17
39
75
93
87
54
23
21
37
42
35
22
21
41
67
75
71
53
37
35
41
54
53
58
70
53
13
-22
-29
6
52
77
97
114
108
105
107
102
85
72
57
37
24
32
48
59
60
43
25
16
4
-4
3
27
57
80
80
73
81
67
59
80
87
73
61
73
92
88
65
43
48
54
54
53
39
22
27
48
69
73
66
70
67
50
21
-2
-3
-2
1
18
48
67
69
75
100
122
100
56
42
49
59
84
106
106
84
65
65
52
23
-1
10
52
71
55
27
35
60
73
61
45
37
44
54
44
34
38
52
49
11
-30
-37
-23
-13
-10
-18
-13
5
40
64
61
38
20
40
87
103
75
34
16
56
116
119
84
53
48
56
59
57
66
82
107
119
106
88
70
37
9
9
7
1
18
53
68
74
76
60
49
48
36
21
39
74
105
123
119
92
51
4
-11
-4
-7
-17
-9
3
33
76
106
93
86
93
86
64
54
57
54
55
60
64
65
52
35
25
17
19
22
17
16
23
36
64
73
51
24
19
22
21
18
5
-5
-2
25
53
50
24
13
17
23
38
53
57
60
57
44
32
29
35
26
6
-11
-19
-6
21
41
42
32
10
0
11
39
49
34
20
21
33
48
65
67
54
52
57
73
91
91
69
44
38
41
52
52
38
26
37
56
58
48
35
17
0
0
28
57
50
24
26
67
93
82
54
41
51
68
69
40
-3
-23
-12
-1
0
-3
1
20
51
70
59
24
18
72
129
120
56
19
22
34
43
52
58
46
20
9
17
29
44
51
42
35
10
-6
17
60
74
73
87
97
76
42
33
48
59
54
37
20
7
5
13
41
74
59
9
-3
40
103
122
66
11
20
49
56
75
98
52
-36
-69
-28
26
54
41
20
12
33
55
87
118
145
148
117
87
90
104
114
101
60
24
23
43
67
72
60
36
18
22
55
89
89
61
38
41
68
89
84
58
38
35
41
54
54
44
37
28
35
57
73
65
52
49
41
9
-38
-90
-101
-65
7
89
149
172
168
132
96
76
80
88
68
20
-21
-29
-17
7
17
2
-7
12
60
104
117
85
38
17
3
-25
-70
-98
-58
0
27
27
16
-17
-71
-97
-85
-72
-65
-28
43
117
147
148
152
136
97
64
55
61
75
85
74
48
12
-17
-37
-25
12
65
109
130
113
98
101
91
53
13
-7
9
38
41
49
83
120
131
112
96
85
55
39
50
65
48
-5
-43
-21
41
102
137
146
134
135
150
161
145
103
67
28
-14
-49
-45
-12
27
53
7
-67
-55
39
137
162
106
32
11
66
128
130
85
16
-52
-91
-97
-88
-86
-52
20
67
81
75
64
69
76
39
-61
-132
-98
-1
101
163
164
124
100
106
108
74
25
-12
-20
-8
18
49
55
67
112
152
154
125
80
37
20
19
24
27
37
57
87
123
105
27
-33
-22
20
34
35
41
40
39
37
35
17
-2
13
57
71
32
13
44
73
69
49
44
70
99
97
70
53
42
33
36
65
104
108
59
11
4
32
51
37
8
-7
9
55
77
55
4
-23
-11
13
35
41
34
24
38
60
69
49
17
-8
3
43
61
43
10
2
16
6
-7
-8
-4
-4
-1
9
27
38
28
18
16
39
90
119
97
49
34
60
82
73
48
2
-26
-3
50
86
87
59
37
41
66
77
72
57
64
71
55
52
85
106
102
83
56
35
17
-7
-29
-12
34
70
72
55
50
51
48
23
0
18
59
81
71
64
67
76
77
54
11
-3
5
19
9
-23
-25
28
75
71
41
24
28
51
67
54
33
20
19
8
-1
4
19
24
7
10
51
91
98
69
44
33
20
10
20
44
75
100
90
68
55
51
38
18
-1
-8
-9
-3
-2
25
71
87
89
87
66
37
41
59
49
20
4
1
0
-1
8
38
73
91
80
57
48
43
48
52
49
32
5
-5
9
41
52
51
39
23
26
34
33
27
36
55
72
86
102
98
55
21
21
36
57
73
82
82
77
65
28
-11
-34
-19
10
20
18
32
55
58
20
-1
43
113
124
82
38
52
83
67
21
19
75
121
103
68
91
140
138
85
27
7
25
42
26
-7
-18
12
53
56
36
43
74
90
71
56
61
67
55
23
-2
2
41
69
61
39
18
-1
-18
-9
13
28
43
76
112
137
149
131
96
71
64
50
33
13
9
35
71
84
77
68
50
32
25
35
53
61
51
34
10
24
58
67
49
17
3
11
32
53
71
75
57
34
21
41
84
99
83
69
72
65
42
39
39
23
2
-2
6
11
-2
-5
26
71
76
51
27
7
-9
-12
-21
-29
-27
-27
-45
-39
6
48
54
32
18
28
59
72
53
34
37
45
33
48
91
113
90
73
59
34
13
27
40
35
38
49
38
25
38
53
51
53
70
82
64
59
105
145
130
71
23
13
21
32
33
25
29
52
85
105
92
65
45
55
69
45
-1
-19
-3
19
39
38
5
-11
2
41
85
99
85
66
48
41
54
48
19
1
5
17
23
23
17
18
38
73
100
101
103
119
113
75
48
41
52
51
21
-6
4
44
72
75
69
68
70
67
48
13
-20
-51
-57
-41
-17
18
40
55
84
116
123
105
71
40
18
-2
-18
-22
-12
16
45
59
48
26
24
33
33
17
-10
-29
-27
-2
17
21
19
23
43
70
80
75
83
101
108
106
98
84
69
49
33
24
29
36
37
29
16
23
52
54
21
-4
3
32
57
71
53
18
11
23
9
-28
-56
-44
-19
-1
10
17
19
27
21
0
-9
7
49
88
98
85
69
41
21
13
-5
-33
-37
-17
16
56
98
115
102
73
60
71
84
84
66
33
9
5
23
52
74
85
81
69
56
42
40
43
32
-3
-20
-6
7
9
11
18
21
20
27
49
60
67
67
57
37
19
3
5
45
81
74
58
64
76
77
60
34
25
37
39
51
75
102
119
120
115
101
73
57
57
44
38
38
45
61
71
80
97
106
85
60
49
34
12
5
13
17
18
43
83
98
75
49
32
23
18
-3
-35
-35
-2
17
7
2
9
29
51
72
89
97
91
83
85
83
64
49
37
19
1
-9
-2
19
23
-3
-11
21
68
91
97
96
99
113
134
152
133
67
25
53
98
104
80
49
33
32
27
22
26
41
69
82
68
51
53
60
65
68
51
21
-5
-11
-11
2
40
73
75
58
43
50
75
97
75
23
-1
11
34
35
7
-17
-10
13
28
9
-21
-28
-8
16
27
35
36
34
28
36
64
99
112
91
70
55
43
32
13
10
12
4
-17
-13
13
35
20
-1
3
21
19
1
7
56
98
93
64
55
84
119
122
106
73
49
44
55
38
10
8
24
39
21
0
7
35
59
85
106
115
92
55
42
60
81
67
37
11
-3
11
60
99
93
69
48
26
-2
-45
-68
-36
1
24
45
68
88
108
138
152
129
83
51
52
59
68
73
83
85
59
7
-25
-4
39
64
60
35
-2
-13
4
37
53
40
17
8
36
85
103
81
34
-10
-9
35
54
32
7
17
36
21
-5
-14
-2
9
0
-5
9
36
67
99
112
102
91
59
21
-1
1
20
37
51
54
52
56
69
86
97
75
7
-44
-26
35
43
-3
-13
37
74
45
-2
-18
11
70
90
54
19
33
55
49
19
2
12
44
80
101
113
116
113
99
73
66
61
4
-71
-101
-51
23
32
-1
17
73
117
103
49
11
41
108
87
-77
-198
-105
70
107
-7
-82
-3
128
208
213
139
60
28
13
-110
-338
-381
-167
54
121
117
157
247
316
331
263
148
53
1
20
100
163
153
103
81
106
123
100
64
57
83
99
88
60
37
26
23
25
37
45
35
7
-9
-1
33
58
74
89
91
71
37
18
33
61
97
119
102
56
36
49
68
59
38
27
29
27
41
59
53
35
25
26
32
43
55
59
57
48
36
38
74
117
133
133
133
125
100
68
59
71
68
52
50
41
-3
-50
-43
-4
17
13
35
71
90
87
96
131
163
148
96
49
42
49
25
-19
-49
-59
-59
-49
-19
9
20
8
1
12
21
38
80
116
106
52
20
27
24
-3
-39
-56
-37
1
28
32
7
-17
-33
-37
-11
17
34
43
36
23
13
18
51
102
137
137
99
43
0
-38
-66
-59
-29
16
77
124
141
128
106
96
74
32
-19
-51
-45
0
59
85
81
58
17
-9
6
43
69
81
74
50
25
25
45
43
10
-26
-39
-21
11
59
91
93
73
49
45
57
66
57
26
-5
6
56
73
35
3
19
41
41
25
8
-1
-5
8
34
32
7
-1
9
18
16
3
-23
-30
12
70
101
102
83
59
54
58
64
60
42
19
7
-4
-19
-1
44
74
39
-9
1
66
115
97
55
54
86
88
70
58
55
39
2
-34
-33
-12
-13
-3
34
75
114
133
137
155
147
77
25
16
22
32
40
45
25
3
24
84
120
118
113
114
117
117
112
102
92
74
49
33
45
58
37
8
-7
-21
-33
-22
16
43
39
35
45
65
71
65
37
19
27
39
29
23
22
38
68
101
113
85
57
67
88
76
41
11
7
21
36
35
20
25
28
11
-5
-5
-3
-17
-2
41
71
73
54
39
36
35
23
10
19
48
81
97
72
22
-7
-9
-19
-39
-29
-2
25
50
61
59
38
19
11
12
25
40
54
49
38
51
60
64
49
24
16
28
61
91
87
26
-39
-51
-12
36
58
37
9
13
33
52
75
86
71
58
68
83
82
75
81
88
75
36
0
-17
-41
-51
-21
24
44
21
-2
19
65
102
117
83
21
-10
-1
43
83
85
57
24
28
59
85
105
107
84
56
58
70
55
35
27
24
26
40
56
51
32
24
50
88
104
90
73
70
66
54
50
54
59
64
57
23
-26
-40
-11
12
9
-5
-2
6
7
13
24
32
24
18
18
19
37
60
59
27
-13
-41
-40
-26
-29
-42
-44
-39
-34
-21
-13
-28
-26
18
76
107
105
85
70
66
61
56
41
27
28
35
33
43
65
73
67
57
69
104
134
129
87
48
39
54
67
60
49
49
49
40
34
24
25
48
59
42
27
34
52
74
86
72
69
85
99
107
112
114
116
105
71
21
-11
-27
-20
8
37
50
67
92
104
99
100
108
117
118
108
99
92
81
50
9
-10
-9
-5
17
52
81
101
113
104
101
112
102
67
23
-17
-19
12
52
70
71
80
86
91
97
75
51
69
113
135
115
96
103
119
128
129
120
86
39
2
8
42
60
53
43
48
48
55
75
86
80
71
69
71
65
50
22
6
18
16
-11
-25
-4
21
28
28
27
20
2
-8
16
59
90
93
74
43
21
20
44
65
53
17
-9
1
21
13
-9
-19
-5
1
1
9
21
33
34
24
11
5
10
21
26
33
45
59
73
82
70
59
71
98
118
105
67
37
18
2
-7
-1
3
0
2
37
82
73
22
0
17
23
21
29
56
83
91
99
100
80
50
21
7
4
12
36
49
50
53
64
69
60
49
35
17
-8
-29
-25
5
35
53
58
55
56
53
45
57
84
85
53
21
25
59
76
45
5
6
33
49
53
54
55
50
29
13
9
5
-3
9
36
56
64
69
69
59
51
51
59
53
44
59
69
49
23
12
8
-7
-17
-3
22
42
42
40
52
60
45
12
1
5
16
29
52
70
74
58
43
48
48
36
36
65
74
44
21
27
43
39
24
23
43
74
101
116
117
104
77
57
58
56
40
28
44
70
69
44
27
17
11
21
32
49
65
69
71
70
66
51
38
44
61
48
23
22
38
49
40
21
4
3
13
41
75
92
83
57
58
75
81
54
42
68
101
107
83
52
26
20
32
44
42
33
23
37
61
75
73
55
48
70
104
125
114
73
28
-7
-33
-42
-25
-5
-5
8
56
103
108
70
27
11
10
12
16
37
81
102
91
81
67
51
33
22
33
43
36
28
35
32
10
-6
-17
0
37
41
-8
-50
-53
-36
-5
6
-13
-33
-1
64
117
130
109
92
89
91
103
107
89
65
45
38
37
27
7
-2
18
32
17
-8
-36
-20
50
124
142
109
84
70
53
33
18
5
-8
-22
-19
8
44
61
71
75
67
56
51
50
68
100
104
64
-21
-81
-75
-26
29
52
50
50
57
86
123
141
124
85
55
57
88
85
21
-61
-87
-65
-49
-46
-53
-60
-36
56
157
189
148
90
80
121
155
131
72
35
36
43
28
19
23
39
64
93
123
102
42
11
33
52
37
8
9
38
69
89
85
45
1
-21
-11
10
27
33
37
60
74
36
-58
-133
-106
-28
35
87
137
169
178
171
162
148
120
69
27
19
39
72
99
84
35
-8
-28
-24
-14
-12
-10
2
22
36
51
85
117
105
69
55
68
81
70
32
10
19
24
19
13
23
27
5
-24
-12
25
61
57
24
9
38
69
75
67
55
43
53
64
72
91
80
34
-7
-9
21
54
75
76
55
38
45
72
97
100
71
32
-7
-28
-22
9
48
77
91
72
41
35
59
71
36
-9
-11
41
129
168
138
81
39
36
33
7
-19
-36
-29
1
48
67
41
-4
-50
-75
-66
-19
43
81
73
66
77
74
48
27
27
39
52
60
65
54
52
50
29
17
20
32
58
85
73
27
-8
-26
-37
-34
-35
-17
28
73
108
151
171
140
75
13
-3
5
-7
-35
-34
-18
-7
10
53
92
103
80
66
86
124
144
149
125
57
-28
-91
-109
-102
-68
-13
26
50
72
92
104
100
73
35
24
60
129
169
157
92
21
-19
-49
-54
-4
73
114
114
114
133
125
83
39
6
-12
-11
12
50
90
113
91
48
25
35
45
66
77
83
80
67
64
65
44
11
-12
-9
18
37
38
24
2
-4
33
113
157
105
44
25
23
18
7
4
5
6
16
41
67
65
42
13
4
17
27
36
40
43
56
57
38
17
6
5
25
67
105
121
107
71
35
27
45
56
61
70
77
81
71
40
16
3
6
20
48
51
22
21
50
61
66
89
116
106
93
123
145
118
66
18
-17
-50
-59
-18
35
51
43
57
82
72
23
1
26
65
81
76
75
99
128
140
140
133
99
56
39
60
75
65
39
33
43
56
52
33
1
-21
-8
34
76
101
101
89
69
50
40
18
-13
-33
-34
-26
-3
32
58
74
101
119
107
76
33
-17
-34
3
44
38
20
43
86
92
68
49
65
90
67
-7
-87
-124
-88
-1
45
37
34
69
112
107
99
105
86
39
5
-5
7
27
39
51
48
25
-11
-50
-42
22
91
105
74
43
22
6
16
22
12
4
1
2
26
74
103
101
65
37
36
23
4
12
45
72
75
60
54
66
81
67
33
20
42
74
86
70
48
41
42
25
-2
-7
23
68
72
28
-13
-11
34
67
53
51
71
85
81
80
86
86
57
20
2
3
-3
-13
-7
17
27
6
-28
-26
18
72
98
86
82
91
83
58
59
83
92
83
58
28
2
-24
-40
-53
-67
-52
-5
41
83
130
172
170
113
56
27
-1
-50
-69
-52
-26
-8
18
60
90
83
82
98
114
103
76
68
82
98
93
80
70
70
56
32
9
-2
25
57
69
70
64
51
35
36
40
33
7
-3
19
53
68
50
21
17
51
85
81
36
1
1
21
51
73
89
99
105
116
114
85
33
-4
-13
-17
-5
9
29
53
51
36
35
58
83
56
1
-21
5
45
67
49
12
-11
-19
-8
6
10
7
18
29
32
35
32
34
57
83
97
118
130
115
88
53
17
-19
-37
-29
-27
-25
4
56
83
65
33
23
13
5
21
51
74
99
117
128
117
75
49
53
66
56
22
-21
-34
-3
27
44
49
49
64
61
53
49
65
74
67
64
93
130
114
65
29
23
19
9
18
59
105
113
71
35
41
55
42
23
33
50
49
53
71
77
55
37
44
67
67
25
-10
0
41
65
65
56
51
50
65
75
49
0
-24
-11
9
20
5
6
60
120
119
84
51
23
7
9
11
17
28
43
42
20
8
22
37
24
-1
-2
14
35
42
35
34
55
73
70
52
43
49
59
65
60
58
61
52
23
-2
7
33
39
17
-8
-11
-3
2
12
45
68
45
19
9
10
22
39
64
65
38
11
9
16
13
27
57
67
39
26
39
37
33
35
21
-7
-12
-2
17
39
59
87
109
115
96
64
37
25
25
23
19
23
28
27
37
53
59
53
40
36
57
84
85
73
76
85
70
38
27
43
61
54
40
32
24
10
9
37
67
67
48
35
35
44
58
51
40
55
88
116
119
98
76
75
74
74
82
76
69
66
55
45
40
27
20
37
69
82
70
51
37
39
43
41
45
44
33
21
9
-14
-53
-53
0
50
58
53
69
90
100
99
92
74
29
-3
6
28
37
25
8
1
8
25
21
5
4
23
51
56
27
-4
-5
19
39
42
28
6
-10
-11
-12
-7
26
49
42
42
56
69
69
59
50
55
73
74
66
70
83
69
34
16
9
16
29
27
17
-4
-25
-11
17
37
38
34
37
55
74
73
59
41
29
36
59
82
76
64
77
101
89
57
43
39
33
27
24
23
32
38
44
51
55
55
52
41
25
12
18
32
35
23
10
25
60
77
64
12
-33
-39
-23
-5
13
28
35
52
73
82
82
77
58
36
29
32
17
4
23
48
52
48
53
58
62
70
80
76
60
29
1
7
41
59
57
50
45
54
68
80
73
51
27
27
37
28
6
4
26
43
55
67
71
60
38
17
12
22
27
25
36
69
105
123
115
90
65
45
41
39
35
18
-6
1
34
39
16
-5
5
42
71
83
59
23
17
48
80
88
88
91
104
99
75
64
54
35
7
1
23
55
69
71
65
55
54
59
64
53
27
26
50
67
86
101
77
25
-4
7
38
57
57
44
50
53
33
0
-20
-10
11
21
21
22
23
35
51
67
75
66
40
20
10
16
35
53
51
40
39
41
52
65
65
43
18
17
32
51
72
101
100
73
43
35
33
16
8
17
19
18
21
21
16
2
-6
8
37
60
77
72
43
19
-2
-13
-21
-18
13
68
82
67
77
98
101
99
99
99
104
116
129
133
118
84
48
24
-6
-45
-39
-4
22
27
3
-29
-54
-78
-84
-13
81
129
114
87
89
119
148
154
136
115
89
56
51
76
115
125
88
48
22
3
8
45
71
44
-21
-55
-2
82
116
112
106
121
144
124
60
17
21
41
48
37
22
35
89
136
124
76
41
33
29
25
17
-10
-35
-1
64
65
10
-38
-67
-45
-22
-25
-11
16
58
105
135
130
93
59
44
39
21
-9
-26
-19
-3
-2
-22
-53
-66
-41
7
57
89
102
101
87
86
97
94
72
45
19
9
19
35
51
71
80
71
58
57
55
48
48
58
60
42
22
17
27
44
54
42
25
23
38
43
23
-2
4
33
50
49
36
28
41
60
57
39
6
-13
-1
33
69
83
66
52
73
119
141
121
91
84
74
48
19
21
24
11
4
20
49
66
61
43
33
25
16
-1
-11
8
37
44
48
58
66
69
71
58
39
13
-14
-34
-29
-6
36
68
67
52
60
90
105
96
66
38
21
5
2
26
51
39
5
-24
-34
-34
-24
-14
-7
-5
1
26
72
107
82
20
-2
28
60
52
42
60
99
119
112
88
71
55
27
23
56
96
104
89
73
72
66
32
-18
-37
-13
26
59
58
44
56
67
43
18
4
5
25
42
52
48
40
41
40
25
1
-2
21
27
20
17
23
40
57
59
54
50
57
83
117
122
112
104
109
119
104
65
25
-4
-6
17
19
3
5
37
84
116
123
107
71
20
-24
-40
-25
5
11
21
59
81
49
-22
-55
1
89
132
117
93
82
76
75
77
64
25
1
-4
-1
26
80
119
124
99
59
32
39
72
97
97
77
43
22
16
-2
-6
22
60
109
131
69
-21
-24
44
102
101
53
5
-10
-4
5
26
43
45
35
11
5
34
56
76
114
121
82
35
24
45
66
60
32
4
3
27
60
76
53
16
9
58
121
145
109
55
33
40
48
41
24
22
53
78
55
3
-18
-8
-21
-42
-12
54
76
44
43
101
165
151
59
-19
-19
54
101
65
32
52
89
99
59
11
-10
-29
-20
32
64
52
37
54
67
52
39
65
96
84
23
-12
-34
-56
-51
-9
29
56
82
83
80
99
120
104
57
10
1
23
43
56
69
57
28
2
-37
-74
-83
-54
-2
51
83
83
48
7
-8
16
60
75
53
19
-11
-24
-19
-1
12
11
-1
-13
-5
27
51
53
54
56
58
53
35
24
25
45
69
74
84
101
107
91
74
56
29
-4
-33
-35
-12
5
27
56
61
42
24
8
7
20
44
96
123
97
57
40
37
27
19
16
21
29
35
26
5
-12
-22
-11
11
33
53
88
129
148
119
60
3
-22
-18
-1
29
59
80
84
82
81
65
37
17
43
96
117
115
105
91
73
43
21
21
33
55
91
129
144
129
105
83
51
27
8
10
40
71
83
91
118
137
138
135
138
132
97
52
33
53
85
89
48
-10
-51
-73
-81
-70
-59
-53
-22
32
87
140
162
122
68
51
43
12
-13
-21
-14
-12
-19
-9
-3
-17
-43
-61
-44
8
66
83
64
37
25
32
43
48
20
-17
-39
-13
38
89
115
107
87
69
73
99
93
76
75
55
3
-25
-9
16
20
-3
-29
-37
-11
28
66
70
44
22
21
25
11
-17
-11
21
44
55
67
87
104
114
115
97
60
27
16
20
40
67
83
68
39
32
32
26
22
17
6
11
39
54
27
-8
-1
45
66
60
67
57
25
9
24
58
66
50
38
35
66
107
96
39
-5
-23
-27
-17
8
33
39
42
65
99
121
128
87
17
-29
-35
-6
23
21
-7
-19
1
29
55
59
56
52
53
54
69
92
107
92
55
18
4
21
45
61
75
80
70
57
45
36
35
23
9
33
72
99
113
114
104
83
41
8
5
24
49
73
106
117
108
99
88
81
74
65
53
51
65
84
86
66
40
24
33
52
59
51
24
1
-1
3
-5
-22
-26
-3
44
89
100
80
69
69
49
21
11
25
42
50
44
38
41
35
19
-3
-29
-43
-18
13
24
27
42
58
71
88
106
109
98
77
60
59
61
56
49
57
97
125
120
89
53
18
-13
-35
-41
-41
-21
9
42
64
58
32
1
-8
17
51
81
109
105
67
42
45
39
5
-34
-41
-22
22
83
120
107
75
59
64
65
49
29
48
93
121
113
73
36
18
18
21
19
27
23
-2
-5
11
36
41
23
6
20
66
103
104
82
61
52
33
3
-12
-2
37
57
49
45
49
41
39
40
41
39
38
54
73
73
53
21
3
21
40
27
4
6
51
103
113
65
-3
-26
0
33
36
19
22
41
58
67
74
85
81
64
35
17
16
19
16
17
16
17
28
42
51
70
87
84
69
57
60
69
73
66
39
25
48
68
68
50
29
27
22
17
21
35
45
53
55
64
71
67
48
42
51
43
27
24
37
49
76
107
123
121
96
57
21
-5
-2
24
36
20
11
32
60
89
101
73
41
38
69
91
87
86
99
129
145
115
51
11
20
38
34
13
-17
-36
-6
52
91
107
89
58
57
42
-2
-8
27
60
66
49
34
22
-17
-41
-29
-14
-22
-23
-8
12
49
76
76
52
21
24
64
98
101
83
65
64
61
44
29
32
51
55
50
53
45
10
-24
-25
-5
12
26
36
39
44
73
113
131
106
73
42
19
9
-25
-74
-85
-43
3
35
50
60
101
188
228
147
0
-82
-85
-65
-50
-45
-51
-38
3
49
80
86
71
33
7
9
33
70
91
89
83
97
101
36
-56
-43
75
136
75
8
7
43
41
-53
-141
-123
-50
38
123
150
150
227
323
320
259
180
-3
-238
-391
-381
-209
-28
50
64
66
101
192
265
279
235
155
96
87
103
80
66
90
109
58
-52
-90
-21
97
167
164
129
85
51
23
7
51
93
85
52
21
19
23
9
10
24
19
1
-3
10
27
33
26
44
97
131
131
147
181
184
139
81
35
18
19
-9
-73
-110
-91
-36
16
48
55
40
37
56
83
86
71
72
131
193
185
105
9
-18
6
28
33
24
33
56
85
100
103
89
55
28
24
19
18
54
106
117
85
20
-25
-26
-1
6
-19
-38
-12
33
59
56
33
24
33
23
7
23
65
85
67
49
49
55
56
67
64
23
-23
-38
-7
33
43
26
22
34
55
90
114
89
52
51
83
113
104
64
16
-9
-5
11
25
20
12
8
-4
4
26
25
17
48
83
82
68
70
82
84
84
73
54
39
43
65
59
13
-17
-19
-20
-26
-23
2
27
33
-3
-19
10
44
59
57
71
99
100
69
36
35
29
6
0
33
52
21
-35
-70
-59
-12
16
18
24
57
108
145
164
149
104
49
22
42
55
32
3
11
53
69
48
23
24
55
86
97
81
69
68
55
32
25
37
59
70
65
58
48
37
41
36
24
21
11
3
1
-3
-2
11
38
55
57
52
45
39
39
51
55
44
21
9
36
71
86
72
37
-1
-27
-37
-26
-2
8
6
17
40
43
29
39
44
24
8
23
58
81
91
103
85
39
0
-6
9
26
41
51
43
28
20
18
-1
-21
-18
6
38
66
69
57
52
53
54
42
43
80
145
157
100
32
-4
-8
-11
-20
-18
-6
-2
3
38
99
120
75
0
-24
22
67
69
58
59
69
59
29
1
-8
-13
-20
-18
-20
-12
43
121
166
164
129
114
