150
-177
-83
308
392
380
497
378
202
184
445
739
356
-57
135
355
482
516
619
752
711
541
537
605
442
176
-217
-380
11
556
706
359
-17
231
749
956
717
459
309
128
210
324
307
422
775
869
699
520
435
474
470
52
-313
-103
259
530
604
497
512
520
209
124
528
714
376
-180
-296
432
968
955
919
932
871
589
352
727
887
602
281
173
326
555
713
804
775
664
459
252
336
448
150
-401
-394
97
378
482
227
179
467
549
412
92
-253
-347
-93
131
232
163
-23
-9
114
-155
-499
-597
-682
-554
-259
-11
182
162
215
496
421
-133
-378
-333
-378
-243
-45
-296
-970
-1076
-522
65
263
50
-200
-214
-156
-266
-353
-277
-162
-277
-622
-857
-1028
-981
-691
-596
-844
-1169
-1287
-1094
-795
-625
-354
-108
-81
-155
-283
-329
-344
-516
-677
-647
-537
-401
-199
27
-3
-296
-157
65
41
6
-217
-489
-394
-66
11
-472
-759
-523
-283
-173
-119
-348
-654
-276
484
599
-116
-663
-487
-90
148
34
-263
-454
-473
-461
-701
-694
-18
344
-137
-629
-249
423
784
659
91
-420
-291
208
349
-152
-625
-488
-137
-118
-277
-246
-248
-315
-157
-109
-346
-355
-146
-299
-700
-743
-492
-354
-402
-609
-652
-466
-101
-26
-298
-228
92
257
-115
-523
-467
-333
-235
-28
211
235
139
267
457
453
295
123
8
-37
-85
-68
38
130
160
114
-30
-219
-226
-38
161
257
291
224
128
-39
-1
155
153
153
204
137
41
91
135
18
-163
-187
0
327
441
231
24
7
37
1
-38
29
77
43
10
42
100
98
33
20
42
-42
-177
-211
-139
-77
-311
-554
-504
-311
-94
53
32
-210
-523
-563
-250
-24
-107
-353
-541
-526
-407
-197
-21
20
-124
-375
-562
-617
-562
-405
-341
-574
-903
-949
-738
-553
-516
-551
-611
-684
-826
-967
-899
-798
-867
-924
-920
-903
-883
-838
-795
-838
-977
-1112
-1097
-907
-691
-609
-605
-587
-531
-522
-483
-417
-456
-441
-445
-519
-481
-323
-114
17
73
87
155
355
489
401
299
439
551
381
291
612
1019
1049
629
459
842
1178
1026
627
435
595
877
1011
945
827
755
760
977
1178
1124
899
721
731
950
1271
1335
1184
1114
1251
1443
1433
1243
967
715
729
886
1014
1061
1162
1367
1427
1251
1111
1121
1172
992
715
709
923
1031
963
947
1093
1180
1121
982
923
964
946
725
501
603
779
791
839
935
907
753
602
530
537
585
451
198
150
503
860
908
778
610
490
523
594
567
428
282
294
448
489
405
327
325
289
120
21
132
364
499
445
322
267
256
200
23
-121
-153
-56
-6
-46
33
73
130
231
192
51
-119
-153
154
417
388
139
-135
-246
-203
-107
-81
-154
-263
-316
-137
100
86
-57
-71
7
23
28
-34
-204
-39
150
33
-156
-277
-362
-329
-108
96
123
49
17
-39
-114
-121
-189
-339
-435
-363
-198
-53
65
157
71
-225
-406
-329
-205
-205
-259
-251
-306
-348
-148
53
16
-134
-213
-170
-93
-1
132
145
-93
-278
-253
-243
-265
-248
-216
-171
-174
-331
-393
-250
-195
-262
-262
-199
-149
-88
33
64
-68
-150
-123
-106
-102
-93
-116
-246
-300
-275
-265
-269
-247
-205
-211
-186
-125
-163
-187
-11
124
12
-205
-281
-250
-165
-41
5
-85
-219
-257
-188
-139
-135
-186
-234
-137
7
-35
-148
-149
-60
68
118
20
-117
-179
-37
82
-1
-139
-258
-316
-321
-261
-90
115
60
-196
-222
-26
85
73
-27
-99
-57
8
42
131
146
34
-65
-114
-147
-179
-146
-51
45
50
-56
-69
65
130
74
28
-9
-137
-234
-149
-39
-25
100
217
187
139
114
43
-67
-246
-294
-106
51
43
-11
-19
6
-33
-76
50
230
197
35
-49
-185
-247
27
305
230
-78
-279
-151
165
357
345
181
32
-29
-66
20
154
211
154
56
-11
-60
-78
-61
-29
-3
-39
-50
70
125
69
7
56
99
74
36
91
134
65
41
54
52
5
-66
1
77
24
-90
-83
22
56
35
99
124
-13
-66
101
289
295
82
-141
-123
39
40
-75
-89
-17
97
106
38
-1
25
125
172
115
16
-121
-100
187
376
288
146
128
182
171
109
45
-41
-45
70
147
80
-50
-93
-24
146
237
141
-5
-39
12
123
187
214
186
5
-189
-86
209
342
200
-23
-104
-21
91
77
-2
58
155
146
87
53
58
88
61
-11
-2
35
97
67
-83
-82
13
25
-42
-12
181
295
183
28
58
153
162
85
17
-52
-67
-2
151
242
60
-151
-124
11
84
130
178
155
132
141
177
186
166
139
87
2
-6
51
44
-7
-7
19
33
85
122
133
196
147
5
-33
0
103
195
149
93
106
90
11
55
179
120
-43
-101
-19
104
188
213
135
-10
-5
121
165
172
169
137
109
118
98
-3
-123
-115
-17
48
61
131
296
391
312
183
38
-59
-37
-39
-27
12
21
18
48
73
115
149
200
231
171
-6
-158
-49
160
212
99
-61
-76
17
148
248
197
48
-155
-285
-196
32
114
70
120
181
155
146
185
179
44
-28
-13
-11
-5
29
21
11
67
72
28
-3
91
171
160
87
48
5
-77
-93
-17
86
151
167
193
214
176
37
-150
-247
-245
-201
-99
29
123
199
266
283
203
69
-53
-75
-18
-37
-153
-133
132
322
309
230
145
117
201
292
269
163
50
-54
-139
-72
42
112
109
148
214
233
162
117
155
168
76
-23
51
171
170
115
22
-97
-57
73
129
115
68
49
99
104
2
-137
-157
-13
64
49
39
28
40
232
339
185
-12
-25
80
129
49
-26
-86
-129
-109
-65
-2
83
124
38
-26
52
177
205
118
32
24
121
212
232
167
-9
-120
-74
11
66
-18
-171
-91
131
200
129
48
23
53
73
89
32
-97
-50
145
200
117
112
147
119
73
72
26
-23
-3
64
92
65
7
-118
-238
-137
87
227
188
105
139
253
257
4
-234
-154
41
122
115
90
90
57
41
136
118
-57
-138
-49
86
89
43
83
120
92
25
-57
-38
74
164
161
20
-73
-40
1
-33
-34
85
153
132
181
187
77
-35
-20
9
19
50
33
-34
-61
-45
27
115
93
82
121
70
25
65
55
53
24
-70
-193
-150
77
258
310
248
202
156
9
-151
-152
-35
36
10
-5
68
167
219
114
-17
-11
50
81
34
32
122
196
172
40
-91
-193
-193
-171
-67
105
280
379
311
173
92
53
-7
-59
-55
-68
-88
-24
67
35
55
197
224
114
80
51
-52
-88
-9
33
-21
-68
-42
9
59
99
153
146
70
69
87
66
38
58
84
80
49
20
-33
-76
-67
32
132
169
113
-17
-38
9
27
-65
-152
-54
77
59
23
20
124
210
115
-3
13
99
187
166
18
-44
5
44
43
20
-105
-295
-122
208
257
179
145
149
138
98
84
49
-29
-113
-94
18
122
141
-27
-194
-118
55
104
122
182
208
186
145
139
162
77
-58
-135
-136
-39
118
131
113
161
214
165
32
-52
-4
97
108
4
-46
19
48
77
118
100
82
115
103
-27
-100
-22
64
117
132
118
68
28
80
119
115
102
45
-53
-51
20
20
0
81
183
114
25
69
171
213
130
-5
-59
-10
-12
-86
-82
-44
-84
-42
83
178
167
123
130
135
155
216
224
124
-93
-281
-246
-40
72
17
-69
-68
5
92
241
257
136
7
-84
-88
-21
32
44
18
-91
-113
57
197
157
50
25
134
233
229
153
51
3
-22
-86
-174
-189
-52
93
130
130
167
182
149
48
-91
-84
39
12
-103
-54
75
150
219
229
163
100
23
-90
-184
-129
80
156
69
19
51
84
82
112
180
161
4
-140
-122
19
204
250
157
84
58
1
6
90
137
53
-43
-77
-89
-10
140
179
115
-28
-6
167
252
169
22
-97
-116
-19
4
-24
-22
26
72
123
163
137
42
-26
-13
26
37
43
48
9
-4
59
139
149
64
-8
-27
32
102
60
-60
-109
-42
22
88
157
116
42
54
103
73
-33
-99
-55
101
217
139
16
51
107
109
117
103
98
98
107
114
37
-35
3
-21
-107
-125
-132
-45
114
192
133
42
5
34
72
24
-23
-53
-27
10
52
118
141
113
56
69
185
234
161
56
-40
-85
-28
2
-72
-139
-124
-8
36
-11
23
173
264
201
124
90
72
69
35
-12
-35
2
69
101
59
-50
-114
-125
-107
-9
35
17
59
220
289
152
12
-2
61
29
38
84
7
-118
-115
37
133
25
-88
-21
101
188
213
128
22
-20
-1
4
-18
-20
39
90
77
-6
-84
-102
-49
38
61
38
52
149
265
226
130
89
-39
-238
-273
-132
67
256
258
129
35
17
74
150
128
23
-10
16
12
61
199
241
171
77
-52
-86
-28
21
21
12
23
99
183
129
-65
-69
97
194
109
-10
17
144
163
23
-35
-40
-90
-150
-167
-118
-30
49
138
198
277
359
358
200
-56
-196
-168
-97
-11
18
5
5
12
65
135
138
93
53
49
105
128
58
-41
-52
106
186
-8
-174
-87
55
58
29
82
87
12
-23
24
176
263
209
151
112
37
-91
-221
-215
-97
8
90
140
114
66
162
273
228
100
11
-44
-84
-55
-34
-37
-34
-38
-3
42
54
48
51
26
6
40
33
4
71
164
109
65
108
66
17
59
45
-19
-69
-46
0
20
74
104
56
26
9
7
45
128
160
74
8
-12
17
83
113
57
83
134
108
77
82
39
21
65
75
3
-71
-93
-106
-23
134
227
131
-11
-20
114
218
185
55
6
38
23
-51
-72
-21
-37
-17
51
60
84
131
136
148
168
121
-21
-78
27
77
-23
-91
-85
-41
59
117
105
75
128
203
225
171
73
2
53
147
138
99
71
-38
-131
-20
87
-61
-172
-105
-75
-41
66
137
134
116
105
114
125
82
-99
-254
-166
73
198
141
57
65
140
231
220
125
51
-5
-4
105
185
107
-20
-55
4
69
107
99
17
25
130
218
195
81
6
52
163
209
196
188
123
9
-53
-51
-37
-46
-75
-52
7
-5
1
116
231
213
35
-99
-41
89
141
69
-43
-136
-133
38
155
153
107
61
35
-23
7
91
61
-17
-5
17
5
24
23
-45
-129
-89
40
112
41
36
100
118
178
138
-22
-101
-7
72
40
-37
-83
-93
-21
125
181
153
88
-8
-45
39
119
108
-35
-216
-195
-53
54
96
108
103
75
52
82
177
197
113
-46
-180
-165
-26
77
115
149
163
140
136
192
193
119
-12
-146
-142
-83
2
107
125
25
-34
-13
49
67
51
93
123
98
69
45
67
178
197
51
-53
-44
-35
-29
-24
-34
-35
-35
6
66
119
131
130
116
56
-3
77
168
102
21
21
16
-3
8
-11
-73
-85
-75
-43
32
123
139
32
-27
5
88
193
178
85
-27
-109
-28
137
197
66
-53
-57
-41
-22
-68
-121
-44
77
153
188
158
113
122
193
109
-73
-179
-189
-150
-69
3
61
101
147
210
213
137
58
9
5
36
36
-9
-120
-173
-28
177
293
259
131
48
81
84
1
-78
-148
-156
-131
-150
-100
145
320
196
44
67
164
145
29
-22
-22
-24
68
148
43
-68
-35
65
141
106
-37
-103
10
161
156
64
-14
4
81
98
13
-72
-82
76
298
313
151
10
5
92
167
66
-145
-234
-131
23
58
-9
10
168
237
139
25
-65
-66
49
69
-26
-139
-148
-3
113
146
166
153
131
121
139
203
165
10
-88
-51
-19
-69
-97
-40
45
73
77
74
35
-25
-7
49
85
141
166
132
92
83
89
60
-4
-61
-89
-83
-38
28
56
-22
-118
-149
-155
-123
-55
45
131
145
88
36
-152
-389
-381
-169
-119
-250
-296
-216
-137
-152
-295
-359
-323
-308
-195
2
72
24
-53
-119
-141
-197
-339
-525
-537
-387
-243
-170
-233
-333
-413
-424
-338
-296
-318
-337
-312
-264
-249
-236
-279
-322
-241
-137
-117
-125
-120
-84
5
-13
-145
-150
-29
59
106
71
-1
49
136
88
5
-36
-121
-181
55
309
267
139
130
278
438
404
363
427
461
436
315
177
205
301
358
328
260
275
361
456
509
467
402
426
497
513
508
544
489
228
72
260
512
565
439
339
343
499
657
642
507
394
358
419
486
467
403
339
145
-45
56
343
513
457
312
269
371
408
341
265
165
133
258
332
193
80
164
202
87
-17
36
227
402
401
342
228
124
124
131
75
21
77
245
234
12
-130
-26
227
374
278
77
0
59
131
104
23
-90
-146
-67
42
163
251
233
117
2
-98
-107
-59
-49
-59
1
121
165
120
53
28
26
7
-1
-9
-65
-117
-126
-27
133
184
173
116
-4
-124
-146
-82
-93
-152
-187
-172
-52
83
60
-3
-4
51
65
8
-14
1
65
89
45
-5
-68
-97
-124
-177
-161
-68
9
-45
-57
59
140
89
36
9
5
-1
2
134
205
-17
-195
-145
-44
-5
-1
-21
-29
-53
-71
-69
-116
-161
-154
-91
25
133
244
295
228
119
35
-88
-122
-82
-109
-147
-106
9
117
83
3
-33
-61
-142
-167
-99
-61
-108
-129
44
189
144
39
-19
-3
88
137
-36
-197
-137
53
109
-38
-171
-122
-12
-42
-133
-178
-125
-7
80
53
-5
-24
-40
-83
-103
-87
-51
1
25
-17
-124
-177
-71
-14
-26
6
12
-23
10
85
107
106
38
-83
-102
-33
50
54
0
-44
-8
55
37
27
-15
-137
-173
-58
92
153
97
-17
-42
114
263
198
-58
-198
-12
257
323
178
22
16
98
117
36
-71
-129
-83
-23
-37
-42
90
216
64
-179
-171
29
134
121
70
68
85
38
28
71
133
101
-37
-73
35
147
244
248
114
-22
-149
-204
-106
9
56
73
75
71
137
195
181
130
57
10
-1
7
-43
-93
-59
-25
10
21
25
-8
34
246
394
320
106
-52
-119
-105
-67
-65
-59
-29
11
-9
-20
54
155
208
204
189
161
102
-18
-151
-134
19
124
85
24
69
186
261
236
171
43
-85
-81
-25
32
76
65
-29
-84
-2
89
74
45
37
56
88
92
107
115
75
39
24
22
-29
-94
-52
50
103
119
118
92
81
88
128
164
123
-49
-244
-249
-138
-29
88
116
36
-6
77
185
235
252
221
69
-89
-98
-71
-81
-13
50
-6
-74
-25
99
181
168
106
-2
-29
10
33
29
-22
-91
-71
-7
67
99
17
-72
9
117
85
50
49
41
-30
-85
-59
73
177
112
4
8
67
92
98
57
1
-22
33
151
139
20
-39
-49
-81
-72
7
193
332
284
161
93
60
23
-8
-36
-7
39
50
70
113
140
107
27
-17
33
227
381
330
229
187
147
64
34
52
-5
-107
-71
35
147
181
150
42
-107
-101
40
107
82
50
41
53
83
91
59
88
149
138
170
235
164
-37
-195
-171
-83
-20
-23
-10
44
99
179
300
330
199
8
-75
-33
3
-17
19
55
81
105
80
-37
-146
-97
6
39
39
9
10
45
73
92
136
139
26
-18
82
141
82
-67
-152
-56
86
131
77
36
49
-9
-97
20
201
134
-93
-167
-72
12
58
86
83
71
32
-18
-20
12
-7
-35
7
61
65
70
179
315
283
138
22
-50
-109
-204
-359
-333
-73
151
187
128
89
80
132
215
213
123
10
23
98
124
101
71
29
-3
60
187
117
-59
-93
26
97
59
24
70
124
117
87
61
86
80
45
20
-62
-216
-199
-1
140
128
92
75
54
72
129
153
82
-69
-113
-29
73
131
97
-44
-62
90
153
-11
-149
-42
84
64
-37
-119
-99
35
180
177
85
64
92
83
38
1
-49
-83
-19
64
65
74
89
76
67
-13
-107
-55
136
211
54
-70
-21
118
165
109
38
22
60
129
134
58
-56
-125
-54
43
66
29
4
23
65
108
96
38
-3
-37
-29
-11
-100
-83
97
208
203
120
52
108
172
104
21
-33
-108
-121
-35
37
37
8
13
71
122
125
68
0
44
152
101
-28
-71
-35
66
125
88
4
-45
-37
-28
-4
43
8
-75
-65
21
152
235
221
177
109
58
35
13
28
50
65
37
10
3
-37
-36
67
178
182
97
4
-11
40
54
57
87
109
59
23
93
187
197
152
60
-61
-114
-70
-22
-45
-70
-6
99
155
105
48
53
105
133
53
-33
-81
-59
16
56
43
23
6
29
107
136
85
37
13
-37
-14
84
155
160
121
91
53
2
-35
-6
39
3
-40
-38
-25
9
81
155
137
37
-13
8
60
81
98
108
81
4
-87
-46
73
102
123
164
123
85
133
144
73
11
-26
-65
-76
-24
59
65
-23
-66
-13
72
105
26
-75
-39
100
187
179
102
-8
-18
87
84
-56
-101
1
90
104
48
-45
-53
74
102
-8
-58
36
166
148
61
27
41
55
40
67
92
20
-105
-150
-54
131
147
-6
-57
53
152
186
161
71
-22
-17
71
64
-4
1
-1
-12
27
40
43
25
19
56
91
93
113
137
107
-37
-229
-217
29
226
193
105
92
64
41
115
151
44
-97
-172
-135
-7
141
203
181
170
150
101
51
33
-9
-26
22
24
-28
-98
-117
-33
45
41
6
34
70
48
53
123
166
193
184
81
20
56
43
9
38
54
2
-67
-37
52
67
13
19
103
145
118
72
25
33
101
128
93
33
33
198
321
226
29
-59
-7
39
-5
-67
-49
33
73
103
121
86
2
-17
61
115
75
7
-5
80
163
183
182
173
55
-99
-139
-22
140
147
-18
-171
-157
-33
88
85
59
67
70
87
82
70
121
162
117
13
-3
43
32
-23
-19
-1
-54
-89
-38
23
33
-76
-107
28
170
168
74
0
6
91
165
145
18
-119
-83
66
187
169
18
-61
42
133
57
-7
26
97
106
93
125
165
113
64
120
181
123
36
44
75
13
-12
38
81
13
-2
83
120
73
16
19
16
3
44
56
104
203
196
86
19
36
55
-33
-106
-82
-18
65
177
184
53
-38
-45
-45
-9
10
-73
-54
129
200
133
49
34
86
84
44
-17
-76
-35
35
56
55
37
57
90
81
6
-92
-61
100
116
-72
-153
-42
73
89
-6
-87
-35
125
289
298
183
86
65
96
129
86
-49
-183
-180
-56
61
48
57
164
172
101
107
98
-39
-66
65
83
5
-56
-107
-88
3
55
103
122
67
-17
-51
6
81
52
-89
-76
149
213
118
98
89
82
91
13
-137
-145
-17
57
54
60
76
67
118
169
118
57
45
21
-7
11
0
-50
-45
-22
-27
-12
-39
-103
-97
6
145
246
242
135
20
43
157
184
69
-109
-182
-130
-36
86
155
122
98
99
91
124
105
7
34
99
1
-153
-119
20
85
84
25
-28
10
92
125
107
98
84
41
8
3
23
29
42
26
33
82
96
83
21
-100
-88
39
172
261
258
186
147
123
74
11
-75
-162
-145
-117
-125
-119
-37
100
168
102
54
107
197
259
214
81
9
-33
-85
-68
-4
41
36
6
-4
73
133
-12
-172
-132
29
172
231
173
34
-37
68
218
235
105
-13
11
48
-86
-177
-90
-23
18
70
121
182
249
249
139
44
16
1
11
-21
-55
-117
-233
-154
86
193
93
4
37
131
205
232
172
65
-37
-123
-171
-100
106
213
124
26
29
54
26
-10
75
152
51
-65
-49
-2
16
65
169
183
104
57
22
-36
-34
67
116
29
-49
-40
-50
-40
72
165
141
53
25
49
44
92
153
140
74
3
-10
-39
-75
16
147
133
36
-39
-74
21
144
129
73
45
34
21
-14
-45
22
70
33
32
36
41
107
116
74
103
123
51
-6
-58
-118
-60
54
86
55
29
89
117
68
57
77
34
-37
-24
8
-1
53
133
97
2
-45
-50
7
54
71
42
-59
-51
54
73
21
9
24
18
92
192
186
117
81
36
6
17
-10
-45
6
21
-57
-72
57
184
192
117
26
28
100
66
-35
-65
11
77
52
5
50
119
121
98
87
90
67
8
-49
-106
-57
48
65
-34
-117
-37
105
151
133
115
68
8
-22
19
76
122
99
27
7
65
107
64
-1
-67
-29
81
71
-46
-91
-39
90
179
133
73
49
53
87
86
32
-21
-36
11
91
107
74
69
117
119
68
49
52
-7
-10
19
25
28
-9
-78
-67
57
146
98
57
114
140
55
-41
-37
13
33
52
97
119
104
65
44
23
-38
-73
-10
119
125
28
-45
-11
117
155
90
49
42
43
91
117
16
-135
-170
-71
-10
5
66
134
87
53
43
-25
-117
-55
104
168
123
90
135
199
248
200
23
-107
-114
-90
-70
-4
55
57
50
41
16
25
48
56
55
65
130
153
64
-49
-141
-98
99
215
154
51
23
83
139
105
-7
-83
-66
9
80
101
61
-17
-114
-141
-116
-56
27
85
144
256
330
314
246
161
102
41
-77
-179
-140
13
117
73
-30
-52
-6
5
37
131
170
120
52
35
39
30
-9
-13
16
17
0
-6
53
171
181
101
29
-7
-25
-76
-102
-9
163
201
107
27
-18
-33
-4
-6
-25
-40
23
150
203
165
74
32
82
98
48
3
-13
23
91
156
134
28
-52
-73
-38
21
80
115
80
24
70
120
104
41
13
17
-2
-37
-27
-21
-13
-44
-28
23
86
116
81
65
112
171
146
49
35
82
83
64
106
162
100
-3
-45
-9
19
-14
-25
11
32
-3
-26
28
105
115
83
75
137
195
149
73
6
-28
-84
-167
-218
-107
59
70
26
40
133
251
293
259
233
138
-29
-91
-41
-58
-227
-294
-73
122
103
80
170
257
243
146
19
-34
-17
11
42
21
-23
0
73
103
86
58
40
45
83
118
93
48
33
43
36
-4
-17
-10
2
33
28
19
24
37
51
20
-29
-3
154
266
183
68
48
19
-50
-91
-34
57
88
66
69
121
161
157
67
-65
-108
-71
-13
39
87
81
35
21
23
0
-51
-132
-213
-205
-134
-57
-27
-38
-121
-209
-166
-86
-58
-146
-342
-467
-389
-289
-312
-178
65
64
4
56
163
163
-2
-83
4
-53
-237
-275
-202
-246
-360
-521
-519
-391
-327
-284
-218
-230
-307
-295
-131
-30
-91
-216
-459
-648
-491
-129
66
-35
-248
-405
-427
-261
-44
-39
-228
-395
-391
-329
-322
-244
-104
-69
-218
-389
-404
-297
-171
-136
-142
-152
-178
-89
41
19
-121
-246
-245
-189
-225
-212
-109
7
84
68
117
178
163
192
279
340
320
201
180
310
408
343
280
403
380
138
179
491
742
785
678
489
357
406
534
563
506
435
435
533
604
586
521
554
691
786
761
643
530
451
452
407
289
299
345
417
521
617
693
778
906
892
627
377
279
304
412
541
641
634
519
451
537
570
512
452
385
343
327
343
465
509
428
401
402
376
317
225
184
261
322
263
194
173
119
42
53
188
374
435
341
261
341
439
395
224
-102
-350
-264
18
232
234
113
-36
-119
-14
139
192
151
69
-7
-67
40
208
178
-19
-156
-145
-113
-162
-141
16
215
226
39
-151
-195
-115
-13
5
-119
-243
-249
-202
-105
24
146
133
26
6
28
24
-14
-75
-135
-191
-178
-69
-19
-45
-87
-156
-148
-6
98
112
73
20
-120
-325
-242
9
-42
-172
-152
-55
11
42
53
74
123
24
-195
-281
-132
107
197
88
-129
-228
-173
-87
-29
-65
-157
-186
-101
8
17
2
11
-55
-179
-91
99
136
43
-60
-118
-138
-106
-37
6
36
-12
-78
-98
-75
-23
5
-133
-291
-220
-51
10
97
161
101
92
85
-23
-93
-117
-157
-159
-108
-75
-39
49
152
188
109
19
-55
-76
-35
-7
-53
-66
-43
-65
-57
1
35
-65
-179
-92
71
138
151
155
86
-20
-42
25
52
-14
-149
-217
-113
80
215
180
107
91
74
12
-85
-121
-91
-67
-110
-106
27
156
156
72
-28
-57
18
101
101
25
-27
-58
-108
-151
-106
-28
-38
-72
-34
70
146
151
177
189
107
11
-25
-57
-113
-81
-7
65
113
82
27
48
133
135
11
-121
-200
-169
-69
19
-19
-71
-11
29
72
87
61
42
53
85
67
32
25
58
82
89
44
3
40
73
-13
-188
-219
-21
160
202
199
170
146
133
122
42
-171
-291
-132
41
48
0
-43
-89
9
128
132
82
65
121
161
73
-2
90
130
-13
-177
-169
-18
97
82
17
-1
11
44
101
124
157
178
75
-49
-84
-109
-125
-46
27
1
-4
54
89
101
132
113
88
149
181
87
12
22
52
39
-6
-71
-140
-122
-1
132
185
208
233
196
130
115
33
-88
-90
35
35
-187
-312
-131
176
297
171
6
22
102
137
156
134
81
33
-1
-3
20
27
37
55
25
35
2
-56
-71
-43
59
171
145
48
0
-37
-69
-108
-147
-137
-100
-133
-186
-122
9
53
57
87
133
179
198
171
77
-22
-53
-1
35
-69
-97
49
131
104
86
144
220
155
-19
-125
-152
-87
49
108
21
-59
-14
89
131
136
209
265
209
40
-93
-21
99
152
177
144
60
8
11
27
29
-87
-94
45
170
276
282
124
-49
4
163
221
76
-83
-39
87
160
185
146
58
33
73
83
23
11
77
109
89
141
154
53
-6
20
59
87
87
35
49
124
204
186
60
57
80
-5
-92
-91
-122
-217
-275
-117
91
137
100
85
154
227
218
226
258
167
-1
-99
-135
-149
-106
-12
19
-6
-60
-132
-72
108
256
248
56
-109
-42
98
90
6
2
1
3
41
85
37
-75
-45
69
144
138
80
82
122
130
109
54
-55
-121
-61
40
33
-38
-25
36
44
40
71
25
-41
-13
77
171
186
155
153
178
178
154
135
99
11
-23
51
149
165
117
48
8
16
7
-29
-36
-22
11
67
60
-17
-65
13
107
96
38
-1
-34
32
164
212
169
61
-74
-103
-25
38
60
104
29
-89
-56
66
153
133
85
68
58
-13
-102
-57
-6
-109
-242
-262
-146
71
197
165
132
233
311
272
154
21
-69
-152
-229
-156
-22
85
161
153
105
84
77
72
42
3
23
57
65
41
40
59
35
-22
-57
-87
-85
-69
-82
9
119
128
67
-27
-55
-41
-45
-24
33
12
-103
-68
151
282
240
154
144
101
-61
-210
-237
-195
-107
-65
-37
42
130
161
169
229
263
199
102
-28
-91
-38
43
64
-54
-74
42
161
215
177
69
53
97
89
41
-5
-11
41
129
176
118
-3
-41
-34
-41
-37
-9
-19
-49
-5
13
-11
25
37
41
88
128
183
244
217
120
24
-26
-43
-22
-1
64
132
73
-26
-50
-1
60
34
-93
-157
-82
6
16
41
130
232
231
83
-23
-27
-6
43
57
40
19
-7
-5
121
248
164
34
40
89
84
39
-3
1
55
147
181
97
-83
-203
-121
27
67
-81
-213
-185
-9
185
266
201
153
268
325
147
30
-19
-87
-119
-115
-123
-115
-55
-9
58
152
164
134
119
59
-28
-14
59
51
-4
-25
7
89
108
-39
-171
-49
139
215
205
106
-17
-33
19
49
51
-4
-122
-162
-43
108
199
197
133
86
58
23
5
19
116
196
224
147
26
19
71
76
29
-4
-23
-75
-133
-28
50
1
21
103
153
151
133
151
171
135
18
-87
-39
116
249
236
135
120
276
368
211
-22
-85
1
60
50
12
-19
29
69
6
-35
65
165
164
104
8
-4
68
89
28
-1
4
-7
-11
-36
-57
-2
44
3
-22
-7
38
112
176
150
125
135
116
20
-84
-90
-75
-115
-120
0
152
156
29
11
84
43
16
50
41
-1
3
65
141
165
151
87
-5
-53
-93
-109
-69
-85
-163
-88
98
235
264
229
168
107
38
-35
-68
-110
-107
-66
11
69
43
36
28
50
51
4
23
41
54
81
84
118
195
176
58
26
8
-90
-129
12
51
-37
-69
-67
-9
129
197
162
109
50
-85
-129
29
171
197
133
68
45
18
-19
-10
12
16
22
12
-23
-28
37
58
-24
-97
-11
154
262
269
220
227
227
130
17
-61
-101
-93
-118
-178
-107
86
201
145
33
25
108
149
120
90
70
-4
-45
41
104
54
-27
-55
-9
20
10
-57
-118
-86
51
117
6
-77
-2
147
169
144
140
38
-13
60
120
72
-4
-41
-39
-5
7
29
50
113
149
70
-3
-34
18
52
-33
-71
24
119
155
121
114
121
70
-13
-11
11
-9
-27
-2
92
144
130
151
156
71
-29
-13
56
44
-12
-21
-7
-28
-49
-13
61
41
-61
-30
67
28
13
148
299
307
168
32
-4
37
36
-84
-194
-149
-18
97
173
234
252
219
149
82
51
27
-5
-44
-137
-235
-130
54
61
37
122
166
172
259
305
201
60
-101
-177
-173
-118
-26
3
10
54
93
87
35
40
107
114
17
-139
-214
-114
0
-1
-72
-124
-23
117
157
38
-66
-42
-33
-78
-100
-51
-2
-1
1
88
204
234
169
54
-12
-56
-93
-60
19
25
-29
-23
27
85
132
121
36
-42
-122
-115
-9
129
194
200
194
212
265
208
-38
-202
-93
104
185
88
-9
-13
-7
-73
-59
1
16
22
82
233
314
225
166
155
70
-3
-58
-90
-5
69
97
119
140
138
75
1
35
177
168
25
-73
-61
67
178
102
-70
-86
23
97
114
101
37
-27
67
215
179
73
39
-1
51
195
228
144
76
60
88
72
-39
-76
-3
-6
-55
3
60
3
-27
83
204
262
211
50
-5
138
258
229
135
67
35
29
42
24
4
-23
-52
-99
-83
11
59
100
115
82
114
165
139
88
34
51
135
135
64
-23
-65
-54
-52
-122
-170
-123
5
89
90
52
-21
48
231
184
23
-31
-24
10
38
50
67
32
-73
-218
-183
53
192
182
186
240
220
87
12
4
-44
-90
-42
-9
-36
5
73
4
-56
-21
-56
-146
-148
-14
179
301
264
169
67
17
12
-11
-23
18
64
105
55
-18
-5
74
112
25
-97
-118
6
137
179
146
93
137
201
107
-75
-139
-24
83
65
-53
-130
-75
44
113
77
58
116
164
145
102
84
125
157
103
3
-135
-257
-186
-10
96
90
73
97
114
29
-23
87
189
162
86
101
218
262
188
153
75
-69
-145
-85
36
50
-22
-25
51
22
-42
-19
23
23
-12
29
107
115
69
70
115
170
163
59
-25
-26
33
114
130
32
-20
-22
29
132
72
-116
-181
-42
113
147
101
101
186
242
151
-29
-260
-357
-132
135
213
160
131
168
201
188
148
53
-51
-117
-104
26
128
96
71
130
98
34
73
165
146
-21
-153
-137
-1
87
65
11
43
147
202
178
133
40
-2
29
-1
-59
-17
86
45
-39
-45
-3
-1
-36
1
88
137
145
87
49
35
41
85
119
155
133
45
-9
20
42
-36
-170
-213
-98
44
129
77
-21
33
128
93
60
114
167
136
37
-33
-6
42
66
29
-70
-101
17
149
145
36
3
64
106
53
-70
-19
125
123
40
11
67
55
-18
-57
-34
35
85
58
25
26
19
13
85
171
139
23
13
52
-21
-71
21
120
85
12
1
69
173
219
165
48
-56
-101
-100
-189
-233
-49
121
153
134
145
171
197
196
156
124
89
-1
-89
-177
-222
-138
11
55
23
50
163
274
277
234
193
119
76
69
27
9
51
96
37
-116
-211
-132
-115
-196
-85
162
273
264
232
179
163
161
69
-41
-92
-125
-130
-117
-105
-20
96
144
108
37
19
42
93
118
26
-56
-2
65
68
17
-59
-75
-46
-24
7
113
197
168
107
66
60
65
6
-82
-147
-162
-99
7
64
42
23
52
114
176
200
203
167
81
23
57
85
-3
-115
-134
7
180
198
54
-74
-102
-17
89
153
179
131
2
-66
-10
88
109
70
69
68
41
-5
35
139
105
-42
-99
12
100
96
99
85
37
118
177
5
-196
-198
-36
108
125
106
114
109
60
4
10
38
1
-66
-67
-11
98
184
113
7
-39
-114
-129
-49
6
33
118
275
343
236
113
103
135
138
124
32
-90
-97
-68
-27
26
27
-5
26
44
21
-14
5
72
92
99
85
33
65
185
187
88
37
-1
-70
-107
-29
55
74
-18
-131
-42
80
59
32
97
148
114
99
81
77
118
89
12
-44
-40
20
54
3
-44
-4
40
25
8
36
96
114
20
-56
-51
-58
-82
8
160
189
158
114
55
3
26
59
9
-34
-49
-44
-5
13
32
57
44
-20
-7
40
27
55
89
78
59
75
81
10
-38
68
187
155
23
-71
-61
-1
55
43
-23
-67
-61
-33
-4
38
81
57
71
194
233
135
59
23
8
20
-5
-33
-3
3
-7
8
67
92
19
-71
-62
40
101
22
-54
-20
25
9
13
50
16
-104
-237
-281
-164
10
81
39
18
125
227
208
101
-87
-243
-199
-49
-10
-44
-67
-123
-220
-264
-264
-231
-244
-361
-450
-410
-215
-21
82
102
37
-97
-157
-121
-65
-61
-138
-342
-571
-550
-375
-245
-107
-29
-99
-209
-249
-250
-257
-274
-265
-257
-221
-146
-57
-109
-296
-341
-254
-165
-162
-218
-267
-250
-171
-180
-297
-417
-444
-449
-452
-420
-328
-251
-217
-165
-139
-163
-204
-205
-150
-102
-119
-106
-88
-102
-173
-187
-57
55
103
92
103
133
136
139
195
244
299
341
305
198
194
329
389
364
325
269
250
306
496
637
549
444
530
646
535
299
261
378
467
521
551
528
487
512
593
583
410
208
283
534
643
598
556
563
568
615
635
565
455
412
532
678
673
592
490
289
88
83
134
171
275
342
369
421
534
681
736
692
456
136
29
184
343
322
237
197
251
369
464
460
390
290
151
55
160
298
264
119
27
29
99
161
203
198
201
181
133
185
295
323
208
48
-45
16
106
109
68
42
35
23
38
51
91
167
162
80
71
128
96
-68
-147
-51
55
83
-5
-30
27
17
-26
-10
-27
-117
-99
81
155
44
-36
-28
-42
-109
-124
-61
-36
-67
-99
-75
-41
-19
-25
-28
-56
-127
-147
-88
-59
17
117
135
33
-54
36
156
129
-17
-153
-214
-275
-250
-151
-65
-106
-168
-37
197
236
86
-68
-151
-41
117
75
-21
-74
-155
-172
-46
38
27
9
-7
-5
69
117
117
109
80
21
-126
-242
-83
121
115
-35
-145
-119
-2
83
54
-53
-124
-93
-87
-165
-163
-43
68
151
162
137
145
141
86
26
33
51
-5
-115
-217
-265
-227
-161
-61
20
25
19
27
113
247
289
137
-104
-179
-182
-242
-178
-66
-44
-58
-59
-37
8
28
4
-6
-5
-29
-67
-9
137
240
178
-3
-99
-66
-29
-41
-57
-85
-105
-61
25
115
118
28
-1
56
134
131
-17
-118
-22
106
90
-51
-123
-7
131
139
140
162
107
87
140
182
144
66
17
80
137
57
-45
-36
41
48
39
104
137
105
85
90
117
113
137
163
91
-12
-23
-6
10
26
-1
-49
-39
-2
48
80
85
39
-70
-42
171
250
144
55
73
109
130
135
103
-42
-158
-140
-45
57
44
-19
-39
-4
-3
-13
101
165
51
-84
-115
-42
61
82
34
52
113
99
54
57
68
21
-106
-122
-2
69
51
54
114
133
34
-97
-121
-42
43
86
102
123
137
75
-9
-14
96
152
70
-33
-46
21
88
109
105
85
45
-10
-29
33
152
189
81
-89
-194
-151
-42
-40
-70
-51
-19
107
278
295
136
-27
-91
-51
1
35
65
54
54
28
38
86
75
-27
-122
-103
-1
27
-27
-21
56
71
24
4
5
29
53
130
198
151
87
53
10
-10
-2
1
8
71
128
123
128
77
-53
-129
-72
16
65
73
91
187
310
333
194
27
-37
-66
-45
-13
-44
-131
-120
16
74
24
-52
-99
-51
98
194
217
217
187
181
197
117
-68
-193
-147
-72
-82
-65
-1
21
40
77
107
115
97
133
91
-30
-55
11
73
69
59
103
162
115
1
-103
-133
-82
-25
41
100
113
77
42
1
-2
72
133
105
41
12
69
133
119
50
-94
-219
-146
-28
-21
-4
98
161
121
54
27
54
105
85
7
-41
-22
69
129
86
49
40
35
50
58
48
11
-12
21
75
112
109
140
170
131
69
-26
-118
-98
-6
120
199
147
34
19
39
-11
-28
-21
3
69
55
3
21
54
39
51
82
72
43
23
59
118
121
87
50
59
66
66
112
171
151
26
-57
-66
-126
-171
-110
-9
56
97
89
25
-21
8
59
21
-29
-33
-67
-41
53
43
35
138
198
171
103
28
-7
-73
-138
-101
-26
16
16
52
91
130
163
108
6
-53
-39
17
115
149
85
32
23
-9
-27
0
-5
39
162
226
188
151
155
106
-29
-103
-42
-1
-91
-139
-33
68
36
-27
-6
98
160
124
66
43
43
42
35
10
35
84
73
42
64
101
59
-53
-69
11
68
43
12
11
54
99
105
89
55
16
7
45
147
218
171
117
117
86
19
-7
-7
-39
-131
-134
-43
25
68
178
235
184
98
10
-82
-153
-155
-24
52
29
99
230
301
231
66
-43
-41
56
113
9
-83
-58
10
134
237
220
91
20
107
122
-52
-67
84
83
-77
-179
-102
21
82
120
167
150
88
33
7
33
43
6
-87
-102
-23
35
35
26
65
81
11
-58
-19
60
93
80
70
73
113
133
69
9
1
40
53
18
8
97
176
166
93
4
-45
-40
-36
-23
5
2
28
81
100
184
290
252
73
-72
-49
1
-65
-138
-118
-10
87
114
135
115
53
21
50
89
116
140
119
102
121
103
10
-60
-77
-43
37
82
85
84
81
85
44
-42
-25
34
-37
-33
130
262
282
172
66
68
19
-84
-109
-67
-122
-227
-153
54
199
160
92
99
169
321
356
201
53
1
-17
-34
-25
-23
-51
-118
-137
-56
51
77
41
5
-10
57
214
245
165
150
145
37
-75
-102
-75
-72
-72
-91
-74
33
178
253
220
115
55
73
76
18
7
86
98
-49
-173
-39
188
201
34
-33
48
100
54
17
33
45
56
68
27
-17
13
55
40
-1
-35
-14
3
8
73
152
160
40
-40
-13
21
26
34
49
54
11
35
132
185
162
85
20
35
76
44
-66
-183
-265
-195
-11
-3
-88
-30
91
182
213
202
171
113
73
75
36
-103
-151
-25
49
-28
-123
-100
25
171
275
276
195
84
-37
-69
-15
11
-68
-131
-21
65
45
33
83
129
148
115
19
-21
16
35
58
81
1
-118
-152
-11
136
123
23
7
59
61
67
73
89
80
-7
-38
13
25
-12
-25
-13
-33
-87
-186
-233
-104
83
193
197
212
285
330
329
268
172
43
-94
-135
-37
107
153
165
176
124
83
112
123
113
84
20
37
148
185
105
-10
-98
-121
-118
-98
-51
34
186
266
212
118
56
54
3
-53
-27
44
87
44
-44
-46
-5
-22
-67
-3
133
181
165
177
165
56
-83
-169
-91
2
34
7
-49
12
163
232
243
157
18
-61
-13
133
153
12
-75
-90
-101
-51
38
50
-21
-29
44
93
73
39
43
121
137
90
56
33
-20
-38
19
72
49
-10
16
117
189
101
-114
-155
-20
69
87
42
-5
51
117
107
55
64
99
73
82
108
80
97
150
155
60
-49
-78
-70
-81
-85
-21
59
85
12
-59
-34
33
105
117
80
72
121
266
343
177
-78
-173
-108
-29
-23
-81
-147
-125
-37
18
-37
-117
-98
40
166
183
176
210
215
148
59
20
3
-29
-41
-7
24
29
97
169
145
87
75
51
16
4
60
121
-83
-268
-68
203
214
91
-8
-14
74
121
74
25
6
-62
-77
39
197
250
177
59
9
33
97
83
3
-50
-40
24
93
113
76
32
-5
-10
10
21
-2
-18
20
75
135
153
83
2
-42
-22
5
-9
-54
-50
-1
-12
-11
108
204
182
72
77
165
99
29
84
81
10
0
-39
-103
-61
54
114
68
-31
8
154
233
103
-58
-59
25
65
35
1
-58
-113
-52
114
252
282
231
134
38
-5
0
-30
-120
-147
-85
-54
-44
33
171
251
208
169
155
100
24
-33
-43
48
150
150
43
-86
-154
-39
213
268
108
-44
-28
86
136
51
-19
-33
9
68
80
52
39
12
-42
-6
88
136
99
17
-13
-9
-35
-67
-51
-19
-5
-9
-34
-37
92
220
213
152
51
-11
19
89
106
81
25
-39
-53
-105
-101
41
179
141
90
138
200
130
1
-19
11
16
-46
-82
-57
-39
-23
4
57
136
165
114
83
90
130
133
90
102
139
99
48
26
39
89
99
9
-209
-337
-172
-13
75
180
251
199
137
182
205
124
-8
-108
-99
-20
4
-56
-106
-89
-31
23
99
145
135
136
171
219
170
39
-49
-100
-135
-41
97
149
87
44
69
100
83
-27
-83
41
200
291
284
256
260
264
229
145
77
122
163
87
22
35
103
106
-20
-97
-57
-33
-43
-8
70
124
131
106
51
10
36
69
84
100
93
34
-1
35
86
122
117
66
-3
-40
13
99
89
22
-54
-81
-51
-51
-25
38
97
91
4
-51
-8
32
8
-24
-106
-122
50
224
268
220
161
98
59
45
39
55
41
-13
-39
-51
-84
-105
-77
-6
53
98
121
58
43
139
212
154
35
-8
33
49
27
17
4
-51
-65
-61
-123
-93
33
129
201
167
38
28
73
32
-5
10
49
84
86
39
28
81
88
77
58
11
-52
-92
-45
23
8
-54
-46
51
131
106
60
34
19
-7
-40
-55
-9
27
19
-4
-54
-84
-37
-2
-19
-50
-65
-84
-103
-50
18
-29
-85
-33
82
114
85
51
38
39
10
-90
-115
-2
98
101
49
-9
-11
68
151
177
169
148
119
99
67
35
-17
-116
-146
-37
76
73
9
23
103
115
-5
-100
-29
83
101
142
248
243
122
28
-7
-38
-45
-39
-73
-106
-86
-22
8
-8
-37
-9
74
118
187
251
203
113
50
45
103
148
52
-90
-147
-85
28
54
44
48
49
83
109
152
224
151
22
-20
11
65
102
83
11
-3
65
96
97
149
128
53
-9
-43
16
130
152
32
-120
-152
-67
-3
41
107
148
125
115
113
104
197
186
8
-18
74
129
96
2
-55
-34
34
119
154
136
50
-56
-23
164
295
185
10
-39
7
41
-69
-189
-110
48
107
83
35
8
1
92
257
265
89
-38
-26
-11
-35
-7
-13
2
89
137
129
132
167
154
115
84
-13
-105
-99
-43
-8
-18
-35
-61
-82
21
153
149
71
91
219
300
217
43
-123
-167
-110
-22
13
11
37
42
44
50
41
75
80
3
-37
67
149
92
61
75
80
42
-19
-5
39
-7
-85
-116
-125
-100
-2
138
241
247
211
215
229
141
-65
-134
-75
-85
-149
-140
-19
123
226
220
145
114
105
51
-25
-72
-58
-43
-28
25
77
103
91
77
106
81
-12
-69
-12
32
-7
-28
23
64
64
75
104
145
167
60
-45
-60
-12
69
101
41
-7
7
52
70
99
172
185
90
-39
-122
-53
72
146
154
91
-26
-115
-67
65
122
102
77
34
-20
13
155
234
192
71
-14
-19
4
-27
-29
44
117
115
77
67
50
27
20
16
-13
-45
-76
-99
-75
-5
50
99
80
-45
-142
-123
-52
3
7
-3
4
43
67
69
122
266
214
-151
-380
-328
-270
-246
-205
-193
-236
-290
-310
-236
-56
29
-10
-25
43
177
249
147
-107
-357
-394
-282
-141
-43
-49
-61
-10
81
86
-49
-197
-306
-346
-281
-203
-231
-283
-151
-69
-89
-123
-187
-251
-251
-147
-98
-162
-198
-220
-235
-205
-179
-220
-322
-422
-389
-295
-310
-314
-167
-108
-194
-180
-85
-77
-147
-181
-99
32
57
-85
-227
-210
-161
-151
-131
4
203
336
305
108
45
157
168
-5
-123
-99
-39
89
403
742
789
675
454
199
256
503
587
417
194
167
311
563
786
721
507
361
320
364
421
421
435
452
417
402
454
493
586
743
839
822
739
619
540
534
460
373
275
40
-1
234
475
565
514
443
410
412
397
370
374
291
208
263
307
229
176
172
231
347
258
29
32
173
247
173
5
-93
-21
160
236
201
161
83
69
101
102
56
-13
-11
0
21
52
53
53
93
146
97
-52
-117
-52
44
153
171
86
-27
-104
-75
-49
-99
-226
-343
-202
161
348
256
97
57
109
113
22
-83
-130
-115
-72
39
187
208
80
-22
-72
-163
-226
-197
-162
-238
-276
-170
21
236
338
312
311
288
129
-34
-85
-131
-218
-290
-233
-104
-17
21
97
173
96
-22
-23
21
64
21
-81
-219
-252
-39
133
83
-88
-182
-66
73
80
-34
-94
-13
26
12
50
38
-12
-57
-133
-150
-53
24
33
40
54
75
90
106
121
61
-22
-27
11
-10
-87
-148
-209
-234
-137
-28
39
54
29
97
221
215
83
-6
32
71
71
49
-1
-61
-117
-151
-116
-78
-41
39
89
81
100
121
80
7
-70
-106
-109
-139
-161
-139
-49
66
113
100
68
52
25
-54
-85
8
125
152
98
19
-11
-6
3
-3
2
-6
-60
-81
-28
33
11
-27
40
69
10
-27
-36
19
56
-6
-25
41
55
49
141
155
-40
-93
51
105
50
2
-78
-221
-166
87
275
217
55
-8
6
83
160
130
5
-75
-49
17
16
-7
25
70
83
48
-29
-55
3
98
141
57
-78
-125
-86
-72
-40
32
45
33
41
43
34
27
64
109
161
165
106
68
53
18
-20
-92
-185
-205
-50
97
75
65
73
72
103
103
28
-30
-11
86
171
160
26
-56
-41
2
51
89
168
219
177
73
-10
-19
2
-66
-220
-279
-134
75
121
87
88
137
242
274
189
129
165
163
67
-17
-59
-100
-121
-118
-116
-76
5
85
92
59
91
155
162
155
131
90
80
53
25
32
66
86
72
43
49
77
112
130
103
23
-22
40
140
226
241
141
-8
-53
-24
3
-20
-104
-146
-74
-25
-56
-41
71
129
37
-19
52
129
147
120
55
-29
-102
-146
-75
16
11
-4
52
109
97
35
54
124
123
55
35
86
85
5
-38
-28
-4
-7
-37
-99
-102
3
105
151
163
132
96
71
71
68
11
-50
-65
-50
-56
-81
-59
-26
4
17
-21
-12
49
103
146
186
155
106
84
52
23
19
37
33
-11
-49
-76
-78
-11
42
27
-11
-19
9
18
17
41
73
89
91
96
89
56
3
-6
91
160
39
-49
28
162
187
101
16
-3
-27
-65
-38
14
41
35
17
23
23
21
29
55
91
98
121
233
293
269
217
131
101
146
149
84
56
130
171
139
74
35
27
37
45
45
51
37
-8
37
180
261
221
107
13
4
50
32
-58
-103
-105
-53
53
101
43
12
54
102
109
83
57
81
117
137
101
19
-18
-17
1
13
-7
-106
-199
-173
-72
34
100
103
89
77
100
116
98
84
89
17
-115
-129
-35
52
91
67
-8
-49
-12
40
77
99
109
99
87
74
8
-33
-1
41
24
-28
-25
-18
-26
-18
7
17
-9
4
101
137
61
2
25
76
74
58
48
22
5
27
98
152
124
59
43
58
48
24
8
-43
-106
-110
-60
-14
3
25
52
69
77
113
144
170
165
93
44
71
105
82
26
-69
-150
-109
-13
27
20
23
42
66
64
53
51
55
59
55
61
112
170
163
90
76
140
136
67
10
-37
-61
-44
-21
-43
-87
-103
-87
-33
38
80
50
5
3
69
140
117
60
90
137
135
89
11
-35
-53
-84
-102
-54
-21
-66
-82
-39
11
64
91
104
96
69
34
18
20
38
41
32
28
71
103
80
39
33
19
-60
-154
-155
-84
-3
35
26
18
34
56
77
105
123
59
-18
22
132
166
84
4
19
52
32
-36
-62
-3
59
68
43
27
28
65
86
65
38
54
66
51
49
102
149
144
82
3
-34
-42
-33
1
21
20
11
35
83
141
147
96
76
84
57
10
3
33
58
48
20
37
76
89
59
21
2
4
7
22
21
4
2
-1
11
59
108
120
101
49
-12
-36
-34
-13
-9
-40
-87
-86
-28
19
22
22
3
-14
12
69
73
57
73
102
102
86
68
34
9
25
41
44
60
76
67
44
2
-28
20
73
83
80
56
-12
-45
3
62
108
133
105
55
44
121
195
165
75
20
-4
9
69
106
97
68
21
-20
17
96
93
52
21
35
96
107
68
41
21
16
16
17
11
-1
-8
-2
7
28
68
86
61
23
-23
-72
-65
-4
49
59
33
11
40
80
73
49
37
55
86
102
91
67
48
55
56
36
2
-1
71
135
129
101
101
99
51
6
23
54
60
60
54
64
68
42
36
19
-13
-11
37
103
144
138
65
-7
-1
49
67
53
61
83
75
37
1
26
72
67
25
4
17
53
89
83
36
-2
-11
-3
16
49
82
108
114
89
71
71
100
128
85
21
7
20
-5
-23
1
41
64
61
89
138
141
86
-4
-73
-71
-28
1
20
23
22
36
77
98
86
77
84
96
121
131
90
29
29
67
65
58
61
53
65
76
97
129
123
71
1
-6
55
104
109
105
105
100
104
151
182
136
39
-45
-66
2
85
133
177
195
164
128
114
106
85
37
-24
-60
-29
40
85
115
139
145
113
54
-2
-85
-155
-124
9
124
151
151
180
220
247
229
145
52
5
8
35
71
99
108
119
109
53
-21
-55
-46
-33
-2
32
57
73
71
69
91
132
147
97
35
19
21
-12
-56
-34
37
74
53
18
35
75
77
76
85
76
65
66
74
77
73
52
7
-4
41
87
106
98
89
103
113
92
36
-14
-13
10
3
-39
-19
53
85
44
-26
-38
29
72
-19
-75
17
115
96
45
45
92
138
164
152
115
82
71
68
68
85
114
102
36
8
65
115
92
39
3
-20
-27
-21
-28
-39
-35
-2
34
42
35
41
48
28
-3
-23
-10
21
58
72
36
-4
5
69
104
43
-9
36
109
128
90
49
36
38
7
-7
42
83
21
-56
-27
87
149
80
-14
-5
75
121
114
77
58
48
9
-44
-28
56
108
81
43
41
52
69
75
56
-6
-37
-11
29
42
39
22
9
19
27
39
81
102
55
9
34
96
132
128
71
29
66
124
135
96
42
9
-20
-59
-46
17
80
106
73
19
53
134
145
85
35
17
26
42
37
29
32
36
36
25
1
-17
16
73
107
84
24
38
113
146
91
-10
-50
27
115
121
59
-9
2
85
141
147
117
72
64
109
153
98
-5
-43
-17
20
34
7
-45
-30
52
108
109
76
58
76
104
117
105
88
35
-27
-38
-20
-23
-35
-37
-8
5
24
51
84
112
124
100
75
61
43
55
65
37
37
59
96
131
118
75
53
89
114
112
131
161
161
144
149
160
149
114
57
26
28
40
9
-19
-9
-4
-55
-82
-13
75
114
96
77
117
151
121
61
7
-10
-23
-46
-77
-105
-98
-29
81
139
85
24
58
123
131
73
33
25
40
35
22
10
-5
21
73
64
7
2
42
87
114
99
25
-27
0
48
23
-25
-29
-3
40
70
54
38
52
52
34
24
53
73
49
21
21
33
40
36
43
67
44
7
3
16
35
67
103
125
135
135
109
71
48
42
25
-19
-46
-29
-22
-58
-46
60
148
144
75
-7
-45
-13
29
58
70
65
66
84
114
117
69
4
-35
-36
-22
-23
-33
-26
-8
-11
-18
-9
-11
-10
-24
-27
10
65
102
105
70
42
61
96
113
97
40
22
77
83
1
-13
18
24
21
20
5
1
27
64
56
4
-42
-11
49
5
-49
-19
33
36
5
-29
8
69
57
32
40
81
117
128
99
53
11
6
50
88
60
3
-60
-86
-37
17
22
4
2
13
34
69
101
85
28
-7
10
66
109
98
80
86
81
34
18
33
21
9
21
36
41
41
28
33
41
50
81
108
114
86
68
85
97
65
-3
-26
-3
9
0
-21
-2
65
99
35
-35
17
104
97
43
41
67
42
-35
-82
-66
-44
-6
60
89
58
0
-42
-43
-8
23
28
7
-1
33
93
134
117
74
8
-36
-37
-10
17
44
70
81
60
36
33
45
75
102
112
104
102
104
101
75
24
-37
-66
-38
0
26
39
27
18
11
39
85
104
116
113
67
39
67
103
104
64
20
-2
-13
3
48
67
51
49
72
76
55
40
16
-38
-43
2
25
24
28
43
75
109
98
35
-44
-71
-13
32
4
-26
18
104
163
152
75
7
-3
19
41
43
38
53
91
134
146
124
85
59
39
5
-7
-21
-41
-56
-50
-10
25
51
56
49
37
4
11
73
105
89
70
64
81
101
105
89
40
17
34
41
9
-26
-22
35
93
97
49
-6
